2 0.37235344531250003 0 0.33473200937500003 0.063889890625 0.37606852343749997 0.1032081953125 0.5322357203125 0.201068471875 0.5890219875 0.108579796875 0.5698839171875 0.0533546671875 0.577561778125 0 0.37235344531250003 0
2 0.720237734375 0.177298790625 0.7334295921875 0.169055603125 0.7022213046875 0.1274989234375 0.6904051890625 0.146330784375 0.720237734375 0.177298790625
2 0.6430475734375001 0.7750525890625 0.676988421875 0.7958212171875 0.7016571921875 0.7765903484375001 0.6932520484375 0.7589457953125 0.671655046875 0.7495444328125 0.6430475734375001 0.7750525890625
2 0.655465653125 0.1910601 0.642612996875 0.1914591078125 0.6508485390625001 0.2130257484375 0.6464010265625 0.23106930781249999 0.66543506875 0.25733663125 0.6887470203125 0.26948248750000003 0.700054328125 0.2624168953125 0.655465653125 0.1910601
2 0.7924162703125 0.246679975 0.79959634375 0.2078483640625 0.794451496875 0.1996148875 0.79326428125 0.22706952343750003 0.7774905359375001 0.21021327343750001 0.769292846875 0.2725774265625 0.7597004890625 0.282387509375 0.7696509781249999 0.30669864375 0.80031260625 0.2760908 0.7924162703125 0.246679975
2 0.81052659375 0.124696159375 0.8317843921874999 0.141941703125 0.821852828125 0.1595959671875 0.839171921875 0.1831187984375 0.871378896875 0.1591775359375 0.83913406875 0.09918800312500001 0.81052659375 0.124696159375
2 0.8144660375000001 0.5000295453125 0.8223434468749999 0.48747497187500005 0.8051939562499999 0.46003004843750006 0.7799974515625 0.4490617921875 0.7407610796874999 0.46594717656249995 0.74351256875 0.4871245234375 0.77385391875 0.5063262578125001 0.7918514203125 0.5141607265625 0.8144660375000001 0.5000295453125
2 0.32872274687499997 0.70815285625 0.353730721875 0.6810778046875 0.3504704265625 0.67166673125 0.31807492187499997 0.6575646859375001 0.2899762546875 0.6713065703125001 0.260841046875 0.6666156 0.2474795859375 0.6787808796875 0.2630837296875 0.6995592203125 0.3047323875 0.7116953625 0.32872274687499997 0.70815285625
2 0.5148034499999999 0.6453022875000001 0.4853290375 0.6484555000000001 0.428283690625 0.695549721875 0.429659434375 0.7061383953125 0.44200328437499997 0.717505659375 0.47884629843750004 0.7135641453125 0.5247539390625 0.6696134218750001 0.5148034499999999 0.6453022875000001
2 0.641822503125 0.718576428125 0.66443711875 0.704445246875 0.6632309765625 0.6899344828125 0.6721449265625 0.6958127625 0.6872213375 0.686391975 0.673162540625 0.67228021875 0.673671346875 0.660513946875 0.65997068125 0.6805234078125 0.6229391375 0.646421615625 0.556640634375 0.6954817390625 0.576183484375 0.709982790625 0.6157590625 0.6852532250000001 0.641822503125 0.718576428125
2 0.684375215625 0.45538763906249996 0.709552790625 0.42439049687499997 0.7047471484375001 0.40831283906250004 0.71605445625 0.40124724843750004 0.6719935140625 0.36008957812500003 0.588394846875 0.42759226874999995 0.591485540625 0.44092543281249996 0.5806870390625 0.43622475312500003 0.64170894375 0.46678403749999997 0.684375215625 0.45538763906249996
2 0.81512551875 0.4423757859375 0.902662890625 0.36859580625 0.8541355093749999 0.303516296875 0.84488235625 0.3054821984375 0.81798983125 0.333734846875 0.835648128125 0.3494134984375 0.8149180640625 0.3623670796875 0.8180087578125 0.3757002453125 0.767125871875 0.40749540156249997 0.81512551875 0.4423757859375
2 0.24655513125 0.1489190671875 0.24416177343749998 0.1618629375 0.2640438265625 0.1685198078125 0.25394266249999997 0.1900961625 0.2625174078125 0.20381862343749999 0.2666257125 0.193619246875 0.3094805140625 0.220266153125 0.3024700421875 0.25517567343750003 0.270960403125 0.305393971875 0.273203084375 0.338337590625 0.29892732031249997 0.3795049734375 0.42010419218750006 0.41826860000000005 0.44032545 0.417081290625 0.4923955515625 0.35783149999999997 0.5398296125 0.2785819609375 0.50639756875 0.24604706250000002 0.43474676562500003 0.20686500468750002 0.36394397343749996 0.14807249218750002 0.34217736875 0.1425932203125 0.321447303125 0.1555468015625 0.318695815625 0.13436945625000002 0.301376721875 0.1108466234375 0.24655513125 0.1489190671875
2 0 0.6327499265625 0.11823316875 0.7773630953125 0.190657725 0.6387281109375 0 0.6255311125 0 0.6327499265625