2 0.16612942656250002 0.8866336046875001 0.138874746875 0.96260053125 0.1282098328125 0.9988576281249999 0.3274548828125 0.999913009375 0.40905205625 0.9574210390625 0.39483223125 0.9021722109375 0.31425298281249997 0.7364259843750001 0.2170839671875 0.7847686921875 0.2040491109375 0.841743890625 0.16612942656250002 0.8866336046875001
2 0.142222221875 0.656957928125 0.1266666671875 0.656957928125 0.1311111109375 0.7087378640625001 0.15111111093750001 0.6990291265625 0.142222221875 0.656957928125
2 0.5066666671875 0.15533980625 0.47555555624999996 0.15857605156250001 0.4733333328125 0.177993528125 0.48666666718749996 0.19741100312499998 0.52444444375 0.1909385109375 0.5066666671875 0.15533980625
2 0.23333333281250002 0.6504854375 0.2311111109375 0.6181229781249999 0.21777777812500002 0.59546925625 0.20444444375 0.59546925625 0.20444444375 0.67961165 0.21555555625 0.6860841421874999 0.22000000000000003 0.6634304203125 0.23333333281250002 0.6504854375
2 0.15111111093750001 0.5501618125000001 0.16444444375 0.5469255656249999 0.1688888890625 0.5210355984375 0.1266666671875 0.5307443359375 0.11777777812500001 0.5598705500000001 0.09111111093749999 0.5889967640625 0.09111111093749999 0.5987055015625 0.1066666671875 0.5760517796875 0.1111111109375 0.5987055015625 0.15111111093750001 0.5501618125000001
2 0.0466666671875 0.6181229781249999 0.04444444375 0.5889967640625 0.004444443750000001 0.592233009375 0 0.660194175 0.037777778125 0.6537216828125 0.0288888890625 0.627831715625 0.0466666671875 0.6181229781249999
2 0.27777777812500004 0.40129449843750004 0.2866666671875 0.381877021875 0.2711111109375 0.3495145625 0.26 0.3333333328125 0.23333333281250002 0.3333333328125 0.22000000000000003 0.339805825 0.22000000000000003 0.372168284375 0.23555555625000002 0.39482200624999997 0.27777777812500004 0.40129449843750004
2 0.7911111109375 0.48543689375000004 0.8088888890625 0.48220064687499997 0.8066666671875 0.4563106796875 0.777777778125 0.4239482203125 0.75555555625 0.4142394828125 0.72 0.4239482203125 0.717777778125 0.4336569578125 0.737777778125 0.46278317187500007 0.7688888890625 0.4660194171875 0.7911111109375 0.48543689375000004
2 0.6688888890625 0.362459546875 0.66444444375 0.3462783171875 0.6311111109375 0.3300970875 0.5688888890625 0.343042071875 0.56444444375 0.3689320390625 0.5911111109375 0.381877021875 0.66444444375 0.372168284375 0.6688888890625 0.362459546875
2 0.4733333328125 0.31067961093749996 0.5555555562500001 0.30420712031249997 0.5466666671875 0.2815533984375 0.5 0.2815533984375 0.49555555625 0.2394822 0.4688888890625 0.2394822 0.462222221875 0.252427184375 0.457777778125 0.24271844687500002 0.44000000000000006 0.24271844687500002 0.44444444375 0.262135921875 0.43777777812499996 0.2718446609375 0.45999999999999996 0.262135921875 0.4733333328125 0.31067961093749996
2 0.3866666671875 0.51456310625 0.3911111109375 0.5016181234375 0.397777778125 0.5113268609375 0.36222222187500003 0.45307443437500006 0.32 0.44012945 0.282222221875 0.45307443437500006 0.27777777812500004 0.46925566406249997 0.26444444375 0.46925566406249997 0.27999999999999997 0.527508090625 0.3866666671875 0.51456310625
2 0.13555555625 0.4498381875 0.16 0.4498381875 0.16444444375 0.436893203125 0.22444444375 0.436893203125 0.202222221875 0.381877021875 0.0888888890625 0.398058253125 0.09555555624999999 0.4789644015625 0.10444444374999999 0.48220064687499997 0.142222221875 0.47249190937499996 0.13555555625 0.4498381875
2 0.44444444375 0.8867313921875001 0.4688888890625 0.8867313921875001 0.45999999999999996 0.9061488671875001 0.462222221875 0.93527508125 0.5288888890625 0.932038834375 0.5377777781249999 0.9223300968749999 0.52444444375 0.9061488671875001 0.54444444375 0.8932038828125 0.54444444375 0.8770226531249999 0.5355555562500001 0.8834951453125001 0.5133333328125 0.8381877015624999 0.5377777781249999 0.812297734375 0.5911111109375 0.7864077671875 0.6066666671875 0.757281553125 0.6066666671875 0.7087378640625001 0.52444444375 0.6116504859375 0.5066666671875 0.601941746875 0.4311111109375 0.62459546875 0.34888888906250004 0.6666666671875 0.36 0.711974109375 0.4 0.7831715203125 0.42888888906249995 0.8705501625000001 0.44444444375 0.8867313921875001
2 0.835851825 0.5462783203125 0.99562133125 0.662185621875 0.9707366828125 0.467088353125 0.835851825 0.5462783203125