2 0.801341846875 1 0.78426316875 0.924440284375 0.7520968124999999 0.8752639234374999 0.7461026453125 0.8171248609375 0.6555494078125 0.7573005671875 0.5553714015625 0.9119912078124999 0.5345244296875 0.9650952578125 0.585295234375 1 0.801341846875 1
2 0.851422203125 0.7012858750000001 0.835982596875 0.6993901296875 0.8220327749999999 0.740064453125 0.8407005015625 0.7521382109375 0.851422203125 0.7012858750000001
2 0.565710615625 0.1836435640625 0.5658713515625 0.1641000015625 0.5353865359375 0.1570963890625 0.5134028828125 0.1902631796875 0.5501102703125 0.2012913796875 0.565710615625 0.1836435640625
2 0.7714633765625 0.7142920140625 0.7817177546875 0.6307768046875 0.7684838046875 0.6291518796875 0.7524890625 0.6500118203125 0.7463394125 0.6818622328124999 0.7579957640625 0.6963356515625 0.7596462859375 0.71936215625 0.7714633765625 0.7142920140625
2 0.89381191875 0.6478007859375 0.894995115625 0.638164415625 0.8720768109374999 0.6060054546875 0.8668037703125 0.5760130609375 0.8260794640625001 0.5612310953125 0.8273355875 0.5874697249999999 0.8401751375 0.5923067734374999 0.8739609953125 0.6453634 0.8811331046875001 0.6234201765625 0.89381191875 0.6478007859375
2 0.9767503171874999 0.719934784375 0.9806213843749999 0.6519385484375 0.9413139375 0.6438516515625 0.935558684375 0.67248994375 0.952020753125 0.6842928796875001 0.9400429265625 0.7089065828125001 0.9767503171874999 0.719934784375
2 0.79743568125 0.3751233046875 0.78499053125 0.3670741328125 0.758522634375 0.3638242828125 0.745522346875 0.378530796875 0.7261387484374999 0.40875628593749996 0.7325949859375 0.4291123109375 0.7752912875 0.4278336578125 0.7934916890625 0.4072445390625 0.79743568125 0.3751233046875
2 0.2919306875 0.407611034375 0.2909082265625 0.39770384375 0.25680089375000004 0.383734340625 0.233561115625 0.390662503125 0.20094356875 0.41926306718750006 0.1955827171875 0.444689234375 0.2128335828125 0.45006792500000004 0.237256559375 0.433503390625 0.268530171875 0.434082759375 0.2919306875 0.407611034375
2 0.45200908125000006 0.3620551984375 0.4507529578125 0.33581656875 0.390572128125 0.31538509375 0.35551526093749997 0.3273833984375 0.3491319484375 0.342902375 0.3523600671875 0.3530803859375 0.4239635875 0.371653840625 0.45200908125000006 0.3620551984375
2 0.5841297921875 0.27067944375 0.5909075031250001 0.2519483453125 0.5732622375 0.2497817796875 0.567667725 0.2588765078125 0.562628346875 0.2452155515625 0.5361604484375 0.2419657015625 0.52662194375 0.283181665625 0.48030312343750003 0.27749442968750004 0.46871969687500004 0.29889601093749996 0.54954025 0.31534062500000004 0.5686901843750001 0.2687836984375 0.58956356875 0.281128278125 0.5841297921875 0.27067944375
2 0.724312603125 0.4965669046875 0.7218732828125 0.4799646453125 0.6859546921875 0.4625121984375 0.642469590625 0.4702150984375 0.6000798765625001 0.5237001875 0.6078800484375 0.5148762796875 0.6107137671875 0.5282664140625 0.7150077609375 0.5541143046875 0.737546553125 0.49819182812499996 0.724312603125 0.4965669046875
2 0.9039933703124999 0.5284105765625 0.9204703249999999 0.448919953125 0.8099537578125 0.419047475 0.781192390625 0.470945365625 0.840745159375 0.4782575265625 0.843578878125 0.49164766249999997 0.8678411171875 0.494626690625 0.8584633500000001 0.51629909375 0.8947763406250001 0.5305394171875 0.9039933703124999 0.5284105765625
2 0.613123315625 0.7274557953125 0.62967319375 0.6838401703125 0.553191034375 0.632062196875 0.48095945156250003 0.6003694265624999 0.46213099062499996 0.6078392312500001 0.36868966406250003 0.6941825671874999 0.3627736765625 0.74236441875 0.374663690625 0.7731692765625 0.42444429218749996 0.8053659609375 0.4455513390625 0.8340419765625 0.41797316718750005 0.8763034984375 0.4099393359375 0.86879596875 0.40796733906249993 0.8848565859375 0.42624066562499996 0.9001424671875 0.41103472031250005 0.914578159375 0.4186741546875 0.9252978125 0.48444950000000003 0.936634559375 0.49020475 0.9079962687500001 0.48374851249999995 0.8876402453125 0.508010753125 0.8906192734375 0.5254223546875 0.8764544015625001 0.5647446875 0.7932477375 0.613123315625 0.7274557953125
2 0 0.594105184375 0.1610116546875 0.5050033265625 0.0367830375 0.4099653015625 0 0.5545996609375 0 0.594105184375