2 0.530660378125 0.3729166671875 0.5247641515625 0.36875 0.5294811328125 0.35625 0.516509434375 0.3645833328125 0.5011792453125 0.35208333281250004 0.49174528281249996 0.3604166671875 0.4905660375 0.3791666671875 0.497641509375 0.41041666718750003 0.5294811328125 0.40625 0.530660378125 0.3729166671875
2 0.588443396875 0.6208333328125 0.6002358484375 0.68125 0.6214622640624999 0.7395833328125 0.6662735843750001 0.7333333328125 0.636792453125 0.6354166671875 0.61084905625 0.5833333328125 0.599056603125 0.5708333328124999 0.569575471875 0.5729166671875 0.5707547171875 0.5895833328125 0.5778301890625 0.5979166671875 0.5778301890625 0.6125 0.588443396875 0.6208333328125
2 0.6650943390624999 0.7208333328125 0.668632075 0.7125 0.6533018875 0.6666666671875 0.6379716984375 0.6541666671875 0.6285377359375001 0.6625 0.622641509375 0.6541666671875 0.622641509375 0.6416666671875 0.594339621875 0.6375 0.594339621875 0.66875 0.622641509375 0.74375 0.668632075 0.73125 0.6650943390624999 0.7208333328125
2 0.449292453125 0.5333333328125 0.45283018906250005 0.5416666671875 0.5283018875 0.5458333328125 0.5294811328125 0.5 0.5176886796875 0.4625 0.51415094375 0.475 0.47287735781249995 0.4770833328125 0.45400943437499997 0.48541666718750004 0.4504716984375 0.5125 0.4386792453125 0.5333333328125 0.4386792453125 0.5604166671875 0.44339622656250005 0.5583333328125 0.44339622656250005 0.54375 0.449292453125 0.5333333328125
2 0.9268867921874999 0.48125 0.94221698125 0.48333333281249996 0.9658018875 0.5041666671875 0.9669811328125 0.48333333281249996 0.9528301890625 0.48125 0.9551886796875 0.4604166671875 0.9988207546875 0.45208333281249996 0.9988207546875 0.425 0.9386792453125 0.3875 0.9245283015625001 0.3916666671875 0.918632075 0.42291666718750004 0.9080188671875 0.42291666718750004 0.9080188671875 0.4583333328125 0.911556603125 0.46458333281249997 0.9198113203125 0.46666666718750005 0.9268867921874999 0.48125
2 0.3278301890625 0.7479166671875 0.32665094375 0.6729166671875 0.30188679218750003 0.6729166671875 0.26061320781249997 0.6958333328124999 0.247641509375 0.7729166671875001 0.247641509375 0.80625 0.3030660375 0.78125 0.324292453125 0.7791666671875 0.3278301890625 0.7479166671875
2 0.3136792453125 0.6104166671875 0.3207547171875 0.6229166671875 0.396226415625 0.6145833328125 0.39740566093749996 0.5958333328125 0.405660378125 0.5895833328125 0.40448113281250003 0.5083333328124999 0.40212264218750005 0.5 0.3761792453125 0.4791666671875 0.3620283015625 0.48333333281249996 0.343160378125 0.5229166671875001 0.34080188749999996 0.54375 0.32900943437499997 0.5479166671875 0.3219339625 0.5916666671875 0.310141509375 0.6020833328124999 0.293632075 0.5958333328125 0.2971698109375 0.6208333328125 0.28891509375 0.6333333328124999 0.3089622640625 0.6229166671875 0.3136792453125 0.6104166671875
2 0.5518867921874999 0.38333333281250004 0.5566037734375 0.39375 0.55778301875 0.4145833328125 0.5625 0.42083333281249996 0.5589622640624999 0.43333333281249997 0.5589622640624999 0.4625 0.5625 0.4625 0.560141509375 0.48333333281249996 0.5707547171875 0.43958333281249995 0.5625 0.40416666718750005 0.5707547171875 0.39375 0.581367925 0.3958333328125 0.5872641515625 0.3895833328125 0.5908018875 0.40208333281249997 0.6120283015625 0.40625 0.6143867921874999 0.43958333281249995 0.6191037734375 0.44166666718750003 0.617924528125 0.4145833328125 0.632075471875 0.40833333281249995 0.641509434375 0.3875 0.6603773578125 0.3916666671875 0.6662735843750001 0.3604166671875 0.6745283015625 0.35625 0.685141509375 0.3645833328125 0.6875 0.3604166671875 0.6816037734375 0.35 0.6886792453125 0.3395833328125 0.7004716984375 0.3416666671875 0.7051886796875 0.35625 0.7158018875 0.35 0.6780660375 0.3104166671875 0.670990565625 0.3166666671875 0.670990565625 0.3270833328125 0.6591981125 0.325 0.6674528296875 0.3416666671875 0.66391509375 0.35 0.6462264156249999 0.3333333328125 0.641509434375 0.34375 0.63915094375 0.3333333328125 0.6332547171875 0.33125 0.632075471875 0.3395833328125 0.622641509375 0.3395833328125 0.62028301875 0.32083333281250004 0.58608490625 0.3229166671875 0.5683962265625 0.3416666671875 0.5542452828125 0.3333333328125 0.5471698109375 0.31875 0.5400943390624999 0.32083333281250004 0.5377358484375 0.35208333281250004 0.5495283015625 0.3791666671875 0.5471698109375 0.3854166671875 0.5518867921874999 0.38333333281250004
2 0.22641509375000002 0.6104166671875 0.247641509375 0.6083333328125 0.25471698125 0.5958333328125 0.27948113281250003 0.5916666671875 0.280660378125 0.5791666671875 0.2853773578125 0.5708333328124999 0.2877358484375 0.575 0.2877358484375 0.5625 0.2971698109375 0.5583333328125 0.281839621875 0.5333333328125 0.27948113281250003 0.5145833328125 0.27358490625 0.5166666671875 0.26415094375 0.5020833328125 0.22995282968750003 0.49375 0.1768867921875 0.5458333328125 0.155660378125 0.5979166671875 0.1533018875 0.6145833328125 0.156839621875 0.6166666671875001 0.21580188749999998 0.6229166671875 0.22641509375000002 0.6104166671875
2 0.742924528125 0.88125 0.8195754718750001 0.8875 0.83608490625 0.9 0.8584905656249999 0.8979166671875 0.8867924531250001 0.88125 0.872641509375 0.8520833328125 0.8738207546875 0.8145833328125001 0.8691037734375 0.7979166671875 0.8195754718750001 0.7666666671875 0.795990565625 0.7666666671875 0.75471698125 0.7958333328125 0.7099056609375001 0.8166666671874999 0.71108490625 0.825 0.72641509375 0.8416666671874999 0.73584905625 0.8729166671874999 0.742924528125 0.88125
2 0.685141509375 0.5020833328125 0.7169811328125 0.5145833328125 0.733490565625 0.49583333281249997 0.7346698109375 0.48125 0.7393867921874999 0.48125 0.752358490625 0.5125 0.7712264156249999 0.5375 0.8089622640625 0.5333333328125 0.8254716984374999 0.5458333328125 0.8372641515625 0.5416666671875 0.8502358484375 0.5604166671875 0.8419811328125 0.5708333328124999 0.7853773578125 0.59375 0.7783018875 0.6104166671875 0.766509434375 0.6104166671875 0.7676886796875 0.6208333328125 0.7783018875 0.6166666671875001 0.7948113203125 0.625 0.79834905625 0.6375 0.8089622640625 0.6395833328125 0.8372641515625 0.6770833328125 0.8950471703125 0.6541666671875 0.9091981125 0.6395833328125 0.9339622640625 0.6333333328124999 0.9386792453125 0.625 0.9681603781250001 0.6208333328125 0.9669811328125 0.55625 0.958726415625 0.5479166671875 0.9386792453125 0.5458333328125 0.935141509375 0.5333333328125 0.92334905625 0.53125 0.9198113203125 0.5166666671875 0.9080188671875 0.5166666671875 0.9021226421874999 0.49375 0.8655660375 0.45416666718750004 0.8372641515625 0.45416666718750004 0.8290094343750001 0.43958333281249995 0.8089622640625 0.4375 0.79834905625 0.4270833328125 0.77358490625 0.4291666671875 0.77358490625 0.4166666671875 0.768867925 0.4291666671875 0.72641509375 0.4375 0.72641509375 0.4604166671875 0.706367925 0.45416666718750004 0.6969339625 0.46875 0.680424528125 0.4625 0.625 0.46875 0.6238207546875 0.48125 0.6403301890625 0.5 0.6426886796875 0.5125 0.6533018875 0.5 0.6580188671875 0.5145833328125 0.685141509375 0.5020833328125
2 0.4893867921875 0.8104166671874999 0.488207546875 0.7854166671875 0.492924528125 0.7645833328125 0.45283018906250005 0.7166666671875 0.4268867921875 0.70625 0.42099056562500003 0.7166666671875 0.40919811250000004 0.7208333328125 0.418632075 0.8 0.4622641515625 0.7958333328125 0.47051886718749997 0.8104166671874999 0.4893867921875 0.8104166671874999
2 0.23584905625000002 0.8479166671874999 0.24528301875 0.825 0.247641509375 0.76875 0.1969339625 0.7770833328125 0.18278301875 0.8104166671874999 0.180424528125 0.8375 0.185141509375 0.8541666671874999 0.22405660312500003 0.8583333328125 0.23584905625000002 0.8479166671874999
2 0 0.6875 0.0625 0.675 0.0731132078125 0.66875 0.083726415625 0.6479166671875001 0.10613207499999999 0.5958333328125 0.1143867921875 0.5666666671875 0.1143867921875 0.5479166671875 0.0872641515625 0.51875 0.0719339625 0.5333333328125 0.038915093750000004 0.59375 0 0.6041666671875 0 0.6875
2 0.9433962265625 0.2645833328125 0.9457547171874999 0.22916666718749998 0.9257075468749999 0.2104166671875 0.9056603781250001 0.20625 0.8832547171874999 0.22291666718749997 0.8856132078125001 0.2625 0.8950471703125 0.275 0.9268867921874999 0.2770833328125 0.9433962265625 0.2645833328125
2 0.6521226421875 0.3104166671875 0.6521226421875 0.2770833328125 0.67334905625 0.25833333281250004 0.7169811328125 0.2625 0.724056603125 0.23541666718749998 0.73584905625 0.22916666718749998 0.75471698125 0.2479166671875 0.786556603125 0.2479166671875 0.786556603125 0.23333333281250002 0.793632075 0.23125 0.795990565625 0.21458333281250003 0.7830188671875 0.2166666671875 0.77358490625 0.20833333281250002 0.76415094375 0.21875 0.7405660375 0.2166666671875 0.738207546875 0.20208333281250002 0.7252358484375 0.19583333281249998 0.6863207546875 0.1979166671875 0.6698113203125 0.21875 0.656839621875 0.21875 0.6356132078125001 0.20416666718749998 0.6120283015625 0.23958333281250002 0.606132075 0.2541666671875 0.6073113203125 0.29375 0.6214622640624999 0.3104166671875 0.6521226421875 0.3104166671875
2 0.8373259046875001 0.3143188171875 0.8198112999999999 0.31500000156249996 0.8269503546875001 0.36099968125 0.8495880484375 0.34932945000000004 0.8373259046875001 0.3143188171875
2 0.8297799593749999 0.24929899843749997 0.80566035625 0.2608333359375 0.84487185 0.2893112046875 0.8580771468749999 0.2759738234375 0.8297799593749999 0.24929899843749997
2 0.8929245078125 0.3337500015625 0.9014662281250001 0.3726699140625 0.9373093609375 0.3409935796875 0.9241039203125 0.31265166875 0.8929245078125 0.3337500015625
2 0.20252568750000002 0.4076805484375 0.1742284984375 0.34932945000000004 0.1383853640625 0.4310210109375 0.1742284984375 0.4260195015625 0.20252568750000002 0.4076805484375
2 0.07707478906250001 0.399344675 0.1251799953125 0.38934165625 0.1157475984375 0.3810057859375 0.132725940625 0.3543310234375 0.09499635625 0.3543310234375 0.06952884375 0.3860072953125 0.07707478906250001 0.399344675
2 0.085563959375 0.3710027640625 0.07707478906250001 0.36266689375 0.10065577968749999 0.3309905578125 0.028026357812500003 0.33765928125 0.0195371875 0.3693355515625 0.085563959375 0.3710027640625
2 0.104428753125 0.25930208125 0.0817909875 0.29597992500000003 0.11103140156249999 0.31765317656250003 0.14121511250000002 0.2709723125 0.104428753125 0.25930208125
2 0.0025588453125 0.24763184843750002 0 0.2776409703125 0.015240037500000001 0.2859427734375 0.0402884296875 0.2543005703125 0.0025588453125 0.24763184843750002
2 0.43183372656249996 0.0025 0.43172759374999997 0.0025 0.43172759374999997 0.0809166671875 0.43183372656249996 0.0809166671875 0.43183372656249996 0.0025
2 0.8156313640624999 0.1209266671875 0.7985848843750001 0.16291666875 0.8203475625 0.1826120609375 0.8420421031249999 0.1359311640625 0.8156313640624999 0.1209266671875
2 0.870518846875 0.1358333359375 0.8995797765625 0.1859463890625 0.91655811875 0.1459342796875 0.870518846875 0.1358333359375
2 0.8637366421875001 0.0809144265625 0.8292217375 0.11425791249999999 0.8590204453125001 0.1225937828125 0.8637366421875001 0.0809144265625
2 0.4353773375 0.31916666875 0.47512187812500006 0.3159859640625 0.47512187812500006 0.2759738234375 0.4496544375 0.25596771875 0.4353773375 0.31916666875
2 0.324203540625 0.4310210109375 0.38457088906250003 0.4226851390625 0.3817412140625 0.36099968125 0.336465684375 0.3593325328125 0.324203540625 0.4310210109375
2 0.20912833593750002 0.3026485859375 0.240255271875 0.23262725468749998 0.22987957812499998 0.20428537656249998 0.199695940625 0.25596771875 0.20912833593750002 0.3026485859375
2 0.1374421390625 0.1442670359375 0.1405660171875 0.16916666875 0.18366089531250002 0.1609387765625 0.19214999375 0.1292625375 0.178944696875 0.1292625375 0.1374421390625 0.1442670359375
2 0.47229220312500003 0.22095711875 0.471348978125 0.1759433375 0.43301884687500003 0.17541666875 0.427016671875 0.1726090078125 0.440222040625 0.2376288296875 0.47229220312500003 0.22095711875