2 0.4885054828125 0.6474740890625 0.49849776874999996 0.6398191343749999 0.500982075 0.62119706875 0.49610372812500003 0.5895296328125 0.46405101249999997 0.5914651296875 0.46054942343749994 0.6246350046875 0.46614063593750005 0.629202821875 0.46056318906250004 0.6413433328125 0.4740845921875 0.633935159375 0.4885054828125 0.6474740890625
2 0.37298695625 0.3553710421875 0.39523400625 0.40913722343750003 0.40612577656250004 0.422429375 0.4356804203125 0.4224076140625 0.4356666546875 0.40569928749999995 0.4291897234375 0.39689269375 0.43020700468750006 0.382344884375 0.42020095468749996 0.3732915109375 0.41265168125 0.3121994171875 0.3955461 0.25252750156250003 0.35040796093750004 0.255636396875 0.37298695625 0.3553710421875
2 0.383110803125 0.328929503125 0.38841136249999997 0.3376538359375 0.38753940625 0.35012338593750003 0.41548170000000006 0.35625414375000003 0.41766158906250006 0.3250802671875 0.3946603796875 0.24828872343750003 0.3479098890625 0.257550134375 0.3507123765625 0.2681882078125 0.3466019546875 0.2762544609375 0.35869762656250004 0.323045525 0.3731185171875 0.33658445625 0.383110803125 0.328929503125
2 0.479738540625 0.5361747515624999 0.484139615625 0.52395198125 0.5254579875000001 0.5247528234375001 0.544861253125 0.5177559484375001 0.550279609375 0.49098536875 0.5634965968750001 0.471025384375 0.565385834375 0.44400802500000003 0.5605350171875 0.44575724375 0.5595177359375 0.46030505312500003 0.5529092421875 0.47028504531250004 0.549961428125 0.46172522968749996 0.4749642265625 0.45230407499999997 0.47059068125000003 0.4979435 0.479738540625 0.5361747515624999
2 0 0.5420786328125 0.0545417515625 0.5816252390625001 0.06894887656250001 0.578455840625 0.0770106296875 0.5476932640625 0.08759798437500001 0.5484336046875 0.0900685265625 0.5131032125 0.08697538593750001 0.50662165625 0.078886103125 0.5039675765625 0.07284514843749999 0.48892620937500003 0.057697629687499995 0.4857785703125 0.035623434375 0.4633507859375 0.0329938015625 0.4840511109375 0.0469649484375 0.4871164890625 0.04315894375 0.5077345531249999 0 0.51289069375 0 0.5420786328125
2 0.7707814625 0.24535178281249997 0.773106678125 0.2120996484375 0.71607325 0.23317252968750002 0.6947532140625 0.2337701078125 0.68904420625 0.2646972046875 0.68498884375 0.33959676875 0.7096926703124999 0.341324228125 0.7524643 0.3213424859375 0.7707814625 0.24535178281249997
2 0.6003588328125 0.4172156875 0.5958674921875 0.49835002656249994 0.5976389328125 0.5068275796874999 0.6220658734375 0.5294198828125001 0.6364729984374999 0.5262504875 0.6580561546875 0.48807973593750004 0.661862159375 0.46746167187500004 0.6739165390624999 0.4641277546875 0.6840266203125 0.4209778875 0.696516978125 0.41140919531250003 0.71255021875 0.41879561093750006 0.7107650125 0.39360972968749997 0.7198715765625 0.3817159984375 0.6991466109375 0.3907088703125 0.6935691640625 0.40284938124999997 0.6873828828125 0.3898862703125 0.6115137265625 0.392934665625 0.6090294203125 0.41155673125 0.6003588328125 0.4172156875
2 0.4365309328125 0.5623912703125 0.438565496875 0.5332956515625 0.43503637968750003 0.5330488718749999 0.438842384375 0.5124308078124999 0.42520318437500004 0.5553338953125 0.43096725156250004 0.5912401078125 0.42200601249999997 0.60105558125 0.411563984375 0.5982369828125 0.4052461421875 0.6040604578125001 0.4025889796875 0.591344128125 0.38170492500000003 0.5857069296875 0.3816773953125 0.5522902765625 0.3771172296875 0.5498829765625 0.3764043640625 0.576982596875 0.3618519140625 0.582230253125 0.350987671875 0.60235475625 0.3324563625 0.5968820796875 0.324394609375 0.62764465625 0.315869346875 0.6312253531249999 0.305863296875 0.6221719796875 0.3032199 0.6261639765625 0.3083751328125 0.63696656875 0.3005902671875 0.6468643015625 0.288971865625 0.6439634421875 0.28528365624999996 0.62908659375 0.2742603234375 0.6345810281250001 0.3091430578125 0.6767002578125 0.316637271875 0.67095904375 0.3173639015625 0.6605677515624999 0.328982303125 0.663468609375 0.3219103015625 0.646266721875 0.3260207234375 0.63820046875 0.34250370625 0.6560604359375 0.3479358265625 0.645998184375 0.3495619421875 0.6565539968749999 0.3552984796875 0.6590435546875 0.35705615625 0.65081278125 0.36646713750000004 0.6514708609375 0.36751195000000003 0.67033970625 0.40177208281250004 0.6706469875 0.4207256078125 0.6531765609375 0.4342607765625 0.662476715625 0.44030173125000005 0.677518084375 0.44750529375000003 0.6759333859375001 0.4520379296875 0.6449240296875 0.4421634390625 0.61708406875 0.4449521625 0.6110138140625 0.440101346875 0.6127630328125 0.43612248593749997 0.6020426999999999 0.436399371875 0.58117785625 0.432129859375 0.5746140421875 0.4365309328125 0.5623912703125
2 0.724327709375 0.4363265375 0.719040915625 0.4443105328125 0.716978821875 0.4399894953125 0.716106865625 0.4524590453125 0.7064052328125 0.45595748281250004 0.719954165625 0.4819659640625 0.7209989765625 0.5008348093749999 0.727026165625 0.49916784999999997 0.7354198656250001 0.514373740625 0.7689533703125 0.5250723140625 0.8255232921875001 0.47681755312499996 0.85033115 0.4263417703125 0.853846503125 0.4098802234375 0.8504627125 0.40755518437499993 0.7920800531250001 0.397207409375 0.78062074375 0.40893662031250005 0.7593007093749999 0.40953419999999996 0.7513705171875 0.421510190625 0.7263760375 0.423939246875 0.724327709375 0.4363265375
2 0.140744409375 0.09269742812500001 0.15282631875 0.1227801671875 0.149034078125 0.160106559375 0.1525769609375 0.177061665625 0.199804725 0.21169046093750002 0.223332178125 0.21333566093749998 0.2665397859375 0.18711914375 0.312695209375 0.1694624375 0.312100140625 0.1610671453125 0.2979699046875 0.143371696875 0.2907388125 0.11153974062500001 0.2842618796875 0.10273314687499999 0.20823363125 0.091151471875 0.19263636875 0.07753028125 0.17013996250000002 0.0780456 0.140744409375 0.09269742812500001
2 0.2598884078125 0.502005546875 0.2491281984375 0.4699268109375 0.23205014531249998 0.44367155 0.19411556875 0.44519574687499996 0.17851830625 0.43157455625 0.1664639265625 0.43490847343750005 0.1548317625 0.4152992875 0.16379300000000002 0.40548381562499997 0.22185747656250002 0.3865714515625 0.23007831875 0.37043894375 0.241842046875 0.37126154375 0.24139230312499999 0.3607879921875 0.23051429687499997 0.36420416875 0.21462638437499998 0.3547394953125 0.211969221875 0.342023165625 0.20152719375 0.33920456718750003 0.175910115625 0.299821675 0.1166692671875 0.318651778125 0.10153551406250001 0.3322124671875 0.076395709375 0.33671978281250003 0.0711089140625 0.3447037765625 0.041408943749999996 0.34680379375000003 0.0380802109375 0.41131206562499995 0.0457335171875 0.42020091875 0.0655865265625 0.423677596875 0.0682436890625 0.43639392812500005 0.079862090625 0.4392947859375 0.0823739265625 0.454089375 0.0941376546875 0.454911975 0.0984209296875 0.4781841171875 0.132127290625 0.5202210875 0.16036023593749998 0.5221953265625 0.1675775625 0.5373189578125 0.1874305734375 0.540795634375 0.197291296875 0.5519272671875 0.22214045 0.55157646875 0.22126849375000002 0.56404601875 0.226845940625 0.5519055078124999 0.2697766625 0.5465538343749999 0.2713752484375 0.5236929906250001 0.29093760468749996 0.5313261859375 0.30136586875 0.5174364578125 0.31739910937500004 0.5248228734375 0.37312460468749997 0.5224543171875 0.3751729328125 0.5100670265625 0.3600116484375 0.4902110609375 0.358530859375 0.477576990625 0.3470715484375 0.48930620156250004 0.34338334062500003 0.474429353125 0.31545481249999996 0.48500692343749996 0.2845647046875 0.47031635312500003 0.266787553125 0.48786903906249995 0.2645938984375 0.5023345875 0.2598884078125 0.502005546875
2 0.5873223796875 0.299352534375 0.5939308734375001 0.2893725421875 0.605985253125 0.286038625 0.602096659375 0.20640672499999999 0.558280215625 0.207519621875 0.551062890625 0.1923959921875 0.5322409265625 0.19107983281250002 0.5316733874999999 0.21610119375 0.5255146359375 0.23655473906250002 0.5621688109375 0.287151521875 0.5873223796875 0.299352534375
2 0.838097828125 0.2124674296875 0.8423398125 0.18561459062500002 0.8387969296875 0.1686594828125 0.8002672828125 0.1617883875 0.787776925 0.171357078125 0.7767673578125 0.1935598421875 0.7704908109375 0.24950830000000002 0.8216561406249999 0.244732446875 0.838097828125 0.2124674296875
2 1 0.34935654375 0.9486416546875001 0.3559447484375 0.937618321875 0.361439184375 0.9255777078125 0.38148142812499997 0.899593478125 0.43187495 0.8893243046875 0.46039474687500004 0.8880163718749999 0.47909907343749997 0.913038378125 0.510086671875 0.92934850625 0.4966082421875 0.9665013953124999 0.438642028125 1 0.43213939375 1 0.34935654375
2 0.098350515625 0.7496738734374999 0.0987589640625 0.71002244375 0.0902199375 0.6968948140625 0.0586032015625 0.6925955359375 0.041262028125 0.703913446875 0.036438740625 0.73907931875 0.05512914375 0.759182065625 0.0748368265625 0.7647370015625 0.098350515625 0.7496738734374999
2 0.2580327875 0.7483094218749999 0.24583308124999997 0.7537215984375 0.22831905156249999 0.7337011125 0.196556990625 0.7314800921875 0.19553970781250002 0.746027903125 0.1883361453125 0.7476126 0.1848207921875 0.7640741484375 0.19790621875 0.7629007484375 0.20673589531249997 0.7718718640625 0.21687350625000001 0.76213865 0.24025563437500003 0.7658621078125 0.24159109843749998 0.7805744390625 0.2540952203125 0.7877140734375 0.2930608453125 0.7883503937499999 0.3109833234375 0.7687194500000001 0.3239234234375 0.7696243109375 0.34408084843750003 0.7856527984375 0.3700788453125 0.75196760625 0.37697799062500004 0.7378310953125 0.3785628125 0.6982619265625 0.365608946875 0.6806487375 0.33502325625 0.6785099781249999 0.332698040625 0.7117621140625 0.3102153984375 0.7289857609375 0.26698025937500003 0.7217856234375 0.2580327875 0.7483094218749999
2 0.1505433390625 0.6616982078125 0.168062796875 0.6622404390625001 0.1641499078125 0.6158548171875 0.140753284375 0.6259174953125 0.1505433390625 0.6616982078125
2 0.15353535000000001 0.72708601875 0.17840079375 0.717262278125 0.14127133281249998 0.6861185234375 0.127167834375 0.6985022609375 0.15353535000000001 0.72708601875
2 0.09643562343749999 0.63843599375 0.090629625 0.5990150484375001 0.052664175 0.6281139296875 0.06386041718749999 0.657307965625 0.09643562343749999 0.63843599375
2 0.7903098 0.612845325 0.8144676921875 0.6730281953125 0.8559220296875001 0.594035921875 0.8198173203125 0.59652495625 0.7903098 0.612845325
2 0.8938557203125 0.6735657609375 0.9214708203124999 0.6437431734375 0.9148736265625 0.6299119046875 0.8661878265625 0.6365349078125 0.8750157656249999 0.6455084421875 0.85621804375 0.6709338781249999 0.8938557203125 0.6735657609375
2 0.9701777375 0.6638615484375 0.904428103125 0.6575926015625 0.9123151125 0.6665003406250001 0.8865819343749999 0.6964545890625 0.9594996218749999 0.69486848125 0.9701777375 0.6638615484375
2 0.8778174171875 0.7677052453125001 0.9029585546875 0.732695878125 0.87530121875 0.7090357140625 0.8419347421875001 0.75349735625 0.8778174171875 0.7677052453125001
2 0.9786251 0.7864531359375 0.98327104375 0.7566956109375 0.9686472343749999 0.7473509390624999 0.9414526109375 0.7771687765624999 0.9786251 0.7864531359375
2 0.5334757156250001 1 0.538872321875 0.922824909375 0.5387664484375 0.92281750625 0.533369321875 1 0.5334757156250001 1
2 0.1586946796875 0.8561325984374999 0.178628709375 0.815433984375 0.158292925 0.7942684812499999 0.13339493593750001 0.83932233125 0.1586946796875 0.8561325984374999
2 0.0794863078125 0.785415315625 0.0597582203125 0.8241456078124999 0.10498073593749999 0.8374334843750001 0.0794863078125 0.785415315625
2 0.144672221875 0.8618370921875 0.1155275828125 0.851442875 0.1079154703125 0.8926917171875 0.144672221875 0.8618370921875
2 0.5518509500000001 0.6849006796875 0.51198135 0.685301196875 0.50919024375 0.7252158703125 0.5332000921875 0.746949759375 0.5518509500000001 0.6849006796875
2 0.670556496875 0.5810739015624999 0.60975471875 0.5851784531249999 0.608274540625 0.6469110375 0.6533234875 0.6517323859374999 0.670556496875 0.5810739015624999
2 0.7763965765624999 0.7171608578125 0.7404610234375 0.784840315625 0.7488344125 0.813836925 0.782549703125 0.7643859828124999 0.7763965765624999 0.7171608578125
2 0.794411890625 0.89223005 0.8368600109375001 0.8801571750000001 0.8354806531250001 0.855100284375 0.791916803125 0.8603019875 0.7812387609375 0.8913088953124999 0.794411890625 0.89223005
2 0.54133025625 0.765901946875 0.5081752546875 0.7802959453125 0.5059761796875 0.8252658703125 0.5441762015625 0.82846503125 0.549967903125 0.83168454375 0.54133025625 0.765901946875