2 0.47824620937500006 0.6463130328125 0.4887481375 0.6393737515625 0.49252540156249996 0.6209703453125 0.48986794843750003 0.589039753125 0.45775829687499997 0.5887346499999999 0.451951425 0.6215794671875 0.45721038125 0.6265261796875 0.4507996421875 0.6382480546875 0.4648048765625 0.6318011328125 0.47824620937500006 0.6463130328125
2 0.383385159375 0.34686336875 0.40182747812499997 0.4020504546875 0.411765503125 0.41606999843750003 0.4412496703125 0.41810991875000003 0.442401453125 0.40144133281250005 0.436554615625 0.39220438281250003 0.4385842234375 0.3777629734375 0.42923407812500003 0.3680336671875 0.42596476406250006 0.306563778125 0.413063353125 0.2458439953125 0.3678183015625 0.245796640625 0.383385159375 0.34686336875
2 0.3953288140625 0.32119244375 0.4000078828125 0.3302652734375 0.39826821875 0.3426436234375 0.4257147859375 0.350708603125 0.43006394531250003 0.319762725 0.4124754734375 0.24155375937499998 0.3651928203125 0.24753146093749998 0.3672464078125 0.2583391109375 0.362583325 0.2660989859375 0.371385553125 0.31361982187500004 0.38482688593750003 0.32813172343749997 0.3953288140625 0.32119244375
2 0.47726447343749995 0.5346732640625 0.48250744531249995 0.5227872703124999 0.5236693031249999 0.5264683859375 0.54351338125 0.5208420578124999 0.550785959375 0.49451465624999996 0.5653630890625 0.47552526406249995 0.5691323609375 0.44870550312499996 0.564171340625 0.45011208593749996 0.5621417328125 0.4645534953125 0.5548531671875 0.47404819218750005 0.5525096375 0.4653035984375 0.4783523109375 0.45067385312499997 0.470805775 0.49589701875000003 0.47726447343749995 0.5346732640625
2 0 0.5085360453125001 0.049932976562499995 0.55035280625 0.0645260921875 0.5481961203125 0.074714096875 0.5180708390625 0.0852240171875 0.5195479125 0.090153065625 0.48447591875 0.087519590625 0.4777943859375 0.07963515156249999 0.47458249218750004 0.07465814531250001 0.45915636718749997 0.0597670921875 0.454959759375 0.039311153125 0.43104678906249994 0.03524394375 0.45151325625 0.048967228125 0.45554574531250003 0.04373225 0.475848090625 0 0.4779967171875 0 0.5085360453125001
2 0.7878852140625 0.26486085312499996 0.7925243171874999 0.23185191718749998 0.73415985 0.248895015625 0.7128500640625 0.248003928125 0.704997596875 0.27845744687499996 0.695727384375 0.35289167187500003 0.7202505328125001 0.356338175 0.764311828125 0.33938870625 0.7878852140625 0.26486085312499996
2 0.6058891046875 0.4244180234375 0.595749059375 0.5050414234375 0.596924821875 0.5136218953125 0.6197163 0.5378631031250001 0.634309415625 0.5357064171875 0.658502653125 0.4991342125 0.66373763125 0.47883186718750004 0.6759952078125 0.47634694218750007 0.6890906453125 0.43400742968749995 0.7022180546875 0.4253333296875 0.7176969890625 0.433820175 0.717673009375 0.40857111562500004 0.72758705625 0.3973415984375 0.7062852640624999 0.40486686406250005 0.6998745234375 0.4165887375 0.6946075734375 0.403225671875 0.618710584375 0.4009742765625 0.6149333203125 0.41937768281250004 0.6058891046875 0.4244180234375
2 0.43233334531249995 0.5578119109374999 0.4363925609375 0.5289290921875 0.4328892546875 0.5284367343749999 0.43812423125000005 0.5081343875 0.4215254875 0.5499815421875 0.42477082343749994 0.5862023703125 0.4151467203125 0.595368828125 0.40492674375000004 0.5918286984375001 0.3982180671875 0.5971972765625 0.3964544234375 0.58432656875 0.376014471875 0.5772463046875 0.37831803750000004 0.5439091312500001 0.37393690625 0.5411895953125 0.371335403125 0.5681734765625001 0.35645234375 0.5723932203125 0.34421075156250003 0.5917108515625 0.3261063375 0.5849588265625 0.31591833281250004 0.6150841078125 0.3071640625 0.618061390625 0.2978139171875 0.6083320828125001 0.2948984921875 0.6121299609374999 0.29928761718749997 0.62326585 0.29083128281250004 0.632596428125 0.2794435375 0.628892175 0.27680206875 0.613794290625 0.2654223171875 0.6185063921875 0.2972819890625 0.6629563187499999 0.305158434375 0.6577518578125 0.3066081546875 0.6474365671875 0.3179959 0.6511408171874999 0.31214106875000003 0.6334875140625 0.3168041515625 0.6257276390625 0.3320011328125 0.6446938953125 0.33812192812499997 0.6350350796875001 0.339007746875 0.6456786109375 0.3445566484375 0.6485622640625001 0.3468841921875 0.64047415 0.35622634375 0.6417871046875 0.3559523859375 0.66068286875 0.3901076296875 0.6633792671875 0.41023365937499995 0.647273528125 0.4230871109375 0.65749519375 0.4280641171875 0.67292131875 0.435360675 0.6718429765625 0.4420453734375 0.6412253375 0.43413695468749997 0.6127643843749999 0.43734232500000003 0.606903446875 0.4323813046875 0.6083100296875 0.42915994843750005 0.5973382593750001 0.43089161875000004 0.5765435562500001 0.427090375 0.569697903125 0.43233334531249995 0.5578119109374999
2 0.72822289375 0.45212995312500004 0.72239204375 0.4597257109375 0.72063639375 0.4552713546875 0.7188967296875 0.46764970625 0.7089746906250001 0.47046287031249995 0.720676359375 0.49735312187499997 0.7204024 0.5162488859375001 0.7265311890625 0.515006421875 0.7338437328125 0.5307607859375 0.7665492578124999 0.543772478125 0.8263474593750001 0.49958138124999996 0.8546158984375 0.4509590640625 0.8592709875000001 0.4347828359375 0.8560576265625001 0.43222741875 0.798539009375 0.41783228125000005 0.7862894265625 0.428733559375 0.764979640625 0.42784247343750004 0.7562333640625 0.439236109375 0.7311303265625 0.43991572031250004 0.72822289375 0.45212995312500004
2 0.1700315296875 0.06862919375 0.179985540625 0.09948144375 0.17359878125 0.1364523765625 0.17595030625000002 0.1536133203125 0.2206474421875 0.1914522046875 0.24400282187500003 0.19473458906250002 0.28893394843750003 0.1715959453125 0.3362086078125 0.15720188906250002 0.33620061562500003 0.1487855359375 0.323339171875 0.13014751875 0.3183461796875 0.0978886875 0.31249934218750003 0.0886517390625 0.237464190625 0.0717948140625 0.22285508906249998 0.057118793749999994 0.20037753593750002 0.0560635875 0.1700315296875 0.06862919375
2 0.26033340781250003 0.48525132343750005 0.251837109375 0.45250013593749994 0.2366321328125 0.4251175265625 0.1986836390625 0.42399182812499997 0.1840745375 0.4093158078125 0.171816959375 0.41180073281249996 0.1615809984375 0.3914278953125 0.1712050984375 0.3822614375 0.23044739375 0.3674455171875 0.23977355781249998 0.3519257640625 0.251451246875 0.35356695625 0.2517331984375 0.3430875453125 0.2406433890625 0.34573658749999997 0.22545440156250002 0.3351866859375 0.22369075781249997 0.3223159765625 0.21347078125 0.318775846875 0.19066331718750001 0.2777019328125 0.1302532546875 0.2923537328125 0.11421042031249999 0.3048257125 0.088817440625 0.307568384375 0.0829865890625 0.315164140625 0.0532124765625 0.3151872765625 0.045391982812499995 0.37930620937500004 0.052406589062499995 0.38870727656250004 0.07196871875000001 0.39356036250000004 0.07373236093749999 0.406431071875 0.0851201078125 0.410135321875 0.08659380625 0.4250690890625 0.098271496875 0.42671028125 0.10092095625 0.4502245203125 0.131612859375 0.4945103265625 0.15963931250000002 0.4984491875 0.1657840875 0.5140394328125 0.1853462171875 0.5188925171875 0.1944064171875 0.530684884375 0.219219509375 0.532068328125 0.21747984531250003 0.544446678125 0.223890584375 0.5327248046874999 0.26709004375 0.5303808640625001 0.27027942656250004 0.5076872203125 0.289261665625 0.516666421875 0.30063342656250003 0.5035379671875 0.31611235937500004 0.5120248109375 0.37186733125 0.5135492390625 0.3747747640625 0.5013350078125 0.3610354953125 0.4804698125 0.3604396203125 0.46776322343750004 0.3481900359375 0.4786645015625 0.34554856875 0.463566615625 0.31695021875 0.4721702234375 0.2871601203125 0.4553606546875 0.2682018609375 0.47163051093749997 0.265004484375 0.4859078015625 0.26033340781250003 0.48525132343750005
2 0.6011061265625 0.305932603125 0.6083946921875001 0.29643790625 0.62065226875 0.2939529828125 0.6223279875000001 0.21424380625 0.5785406484375 0.2122975125 0.572395875 0.1967072671875 0.5537115703125 0.19408135937499998 0.5514000125 0.2190021796875 0.543829496875 0.2389762890625 0.5768649296875 0.2920066875 0.6011061265625 0.305932603125
2 0.8573314968749999 0.2367523578125 0.86343630625 0.2102608359375 0.8610847828124999 0.193099890625 0.8231282953125 0.183557840625 0.8100008859375001 0.192231940625 0.7974693515625 0.2136126296875 0.7873053265625 0.26898697031249996 0.8386791656250001 0.2677918640625 0.8573314968749999 0.2367523578125
2 1 0.3851390359375 0.9575975734375 0.3875913203125 0.9462178203124999 0.392303421875 0.9328084593750001 0.41145693281250006 0.9033722515625 0.45991513125 0.8911386531250001 0.4876491140625 0.8885291578125001 0.506216640625 0.9113286265625 0.5388742015625 0.92853923125 0.5265663421875 0.9696451375 0.47133298437500004 1 0.46761370781249995 1 0.3851390359375
2 0.0819125453125 0.7210480296874999 0.0850859421875 0.6815216796875 0.077483453125 0.6678303750000001 0.046243637500000004 0.6613360984375001 0.0281552078125 0.67141678125 0.020890621875 0.7061605359375001 0.0381332 0.7275180890625 0.0574053828125 0.7344342328125 0.0819125453125 0.7210480296874999
2 0.2413010171875 0.7308257734375 0.22875349531250003 0.73537375625 0.21267868750000002 0.7141803234374999 0.18114892656249998 0.7097491046875 0.17911931875 0.7241905140625 0.17182276093749999 0.7252688578125001 0.16716767187499998 0.7414450875 0.180303075 0.7411873390625 0.18848544843749998 0.750752528125 0.1992773203125 0.7417501890625 0.22234275625 0.74709563125 0.2226486859375 0.7618652796875 0.2346243125 0.7698597671875 0.27345063125 0.773212640625 0.29269883750000003 0.7548797265625 0.3055442953125 0.7566850374999999 0.324534528125 0.7740805921875 0.3528189546875 0.7422909843750001 0.3606874078125 0.7286701703125 0.3650285734375 0.689307940625 0.3533348984375 0.670834040625 0.3229729046875 0.666566940625 0.3183338015625 0.699575878125 0.294704465625 0.7151892578125 0.2520769015625 0.7049907296875 0.2413010171875 0.7308257734375
2 0.1401151015625 0.6369274546875 0.1575540578125 0.6386904609374999 0.15688639843750002 0.5921448828125 0.13284483125 0.60055098125 0.1401151015625 0.6369274546875
2 0.1385386 0.7023646968749999 0.16402874375 0.6942994109375 0.12916220625 0.6606415015625 0.11422921718750001 0.6720112625 0.1385386 0.7023646968749999
2 0.087761878125 0.6099475421875 0.084719890625 0.57021761875 0.044817087500000005 0.59659728125 0.05394958125 0.6265012125 0.087761878125 0.6099475421875
2 0.781730928125 0.632821428125 0.8016318281249999 0.6945428640625 0.8484954078125 0.6186347203125 0.8123050203125001 0.6185991546875 0.781730928125 0.632821428125
2 0.8807889734375 0.7006169484375 0.910417121875 0.672793340625 0.9048008187500001 0.6585355671875 0.8557716171875 0.6617462859375001 0.8639520890625001 0.6713137687499999 0.8434265703125 0.69536600625 0.8807889734375 0.7006169484375
2 0.9576020046875 0.69626033125 0.8924498328125001 0.6854201921875 0.8996962578125001 0.694856403125 0.8719362609375001 0.722942628125 0.9447869656250001 0.726446865625 0.9576020046875 0.69626033125
2 0.8582228984375 0.793408340625 0.885744925 0.7602380109375 0.8598054093749999 0.734706203125 0.8234187234375 0.7767320109375 0.8582228984375 0.793408340625
2 0.9574772328125001 0.8191425499999999 0.9641876390625 0.7897815968749999 0.9502513031250001 0.7794395828125 0.9210429375 0.8072877843749999 0.9574772328125001 0.8191425499999999
2 0.498672940625 1 0.50928285625 0.924506525 0.50917775625 0.9244917546875 0.49856576406249997 1 0.498672940625 1
2 0.134683528125 0.831456821875 0.157407990625 0.7922478749999999 0.138598175 0.769715378125 0.11061803750000002 0.8129226828125 0.134683528125 0.831456821875
2 0.060601092187500004 0.75538650625 0.038219371875000005 0.7926462921875 0.08240481250000001 0.8090563625 0.060601092187500004 0.75538650625
2 0.120297303125 0.8361692625 0.0919487234375 0.8237673375 0.0814777796875 0.8643847046875001 0.120297303125 0.8361692625
2 0.5388266234375 0.688067209375 0.49902620625000005 0.6856855890625 0.4934575921875 0.725308334375 0.5158928734375 0.7486641234375 0.5388266234375 0.688067209375
2 0.6644856 0.592773828125 0.6035456140625 0.592627065625 0.5977627937500001 0.6541060187500001 0.6423656828125 0.6620580781250001 0.6644856 0.592773828125
2 0.7605749125 0.735912315625 0.720005815625 0.8009201718750001 0.7263361078125 0.8304302453125001 0.7634187921875 0.7834516234375 0.7605749125 0.735912315625
2 0.7663341328125 0.9118117328125 0.8095210125 0.902729296875 0.8098928953125 0.8776372265625 0.7660723125 0.8797873968750001 0.7532573484375 0.9099739109374999 0.7663341328125 0.9118117328125
2 0.5226811953125 0.7681372765625001 0.48860288281250003 0.780183434375 0.48327222187499996 0.8248904171874999 0.521156028125 0.8307464828125 0.5267090390625 0.8343621609375 0.5226811953125 0.7681372765625001