4 0.2157425375 0 0.20224873125 0.0562124765625 0.2020888234375 0.0668730078125 0.21484783749999997 0.0725536859375 0.21391671875 0.09181396093750001 0.1961856671875 0.1179033953125 0.1967436625 0.12351769374999999 0.187705746875 0.126648240625 0.19203814375 0.1375202546875 0.1769121984375 0.1611923140625 0.17996869531249998 0.17149626093749998 0.16883036406250002 0.186211990625 0.1604820140625 0.22899922187500002 0.15117758125 0.24989732031249998 0.1534628671875 0.268801009375 0.140277425 0.2915484140625 0.1399576078125 0.312869478125 0.12435193281250001 0.3685231328125 0.122543 0.40349017031249995 0.10265823125 0.4447183 0.10576802968750001 0.45146873593750003 0.09375188437500001 0.48189123125 0.09869558125 0.49482403281250004 0.0788108140625 0.5360521640625 0.08120270625 0.54784883125 0.0747165921875 0.5521155140625 0.08149418750000001 0.571230684375 0.0728010515625 0.594189571875 0.07099211875 0.6291566093750001 0.057700071875 0.6590110375 0.0527813390625 0.6872276390625001 0.04430141875 0.695972484375 0.042759001562499996 0.7131719703125 0.0499097171875 0.7074125687499999 0.0508657984375 0.7293016984375 0.04411316875 0.751335934375 0.0429688375 0.78481025 0.027071684375 0.8170820515624999 0.030686175 0.8330002984375 0.26284694218750004 0.9399421734375 0.26611665 0.9360320765625 0.26922645 0.9427825125 0.301123984375 0.9569842109375 0.3076100984375 0.9527175296875001 0.3087793953125 0.96039261875 0.31771070468749996 0.96436909375 0.3417679578125 0.9446735109375 0.37443670625 0.9502754671875 0.4093657734375 0.9336317062499999 0.4492918421875 0.9263672375 0.49259422500000005 0.9080856515625 0.5532261984375 0.9332921234375 0.564257921875 0.9256834140624999 0.5738005312500001 0.931720678125 0.5866661515625 0.9302943375 0.599080384375 0.916146675 0.6085163875 0.9292909609375 0.6208240125 0.92225031875 0.677176890625 0.9330312656249999 0.7344608874999999 0.9245519375000001 0.790309071875 0.9261650734375 0.7994535953125 0.9159275062500001 0.8128772124999999 0.9201154656250001 0.8257961375 0.9151356125 0.8487623640624999 0.9253608359375001 0.9823474390625 0.625323846875 0.8948931953124999 0.6328908656250001 0.8653875515625 0.630485834375 0.846647115625 0.638239646875 0.817806075 0.6343418953125 0.687873959375 0.6480372453125 0.670569334375 0.6456985953125 0.6164484406249999 0.657374846875 0.6081817328125 0.65190565 0.5611582515625 0.6613760109375 0.542577725 0.658469290625 0.5296588015625 0.6634491437500001 0.52434198125 0.6753909140625 0.5133102578125001 0.682999625 0.5114763609375 0.67681725625 0.49289583437499995 0.6739105375000001 0.49074211874999996 0.6890492328125 0.48298010312499995 0.692747846875 0.4842027 0.696869425 0.4551484453125 0.707185715625 0.43723252187500006 0.702786275 0.4300035390625 0.6709497828125001 0.386356371875 0.669403025 0.370405915625 0.7052283375 0.36147460625 0.7012518625 0.3662867328125 0.68014228125 0.3528631140625 0.6759543234375001 0.3352670109375 0.6502338187500001 0.3297653171875 0.631686715625 0.3293672328125 0.615411884375 0.3353486546875 0.6019773921875 0.33168085937499997 0.58961265625 0.35305474062500003 0.534738553125 0.3615096984375 0.48484429999999995 0.398197775 0.35093468906249997 0.398464290625 0.3331671359375 0.41048043593749994 0.302744640625 0.4283997359375 0.22129176093749997 0.44645060625 0.1738812625 0.4454412203125 0.1555456421875 0.4899312453125 0 0.2157425375 0
1 0.28634149375 0.35836895 0.3000316265625 0.3447893546875 0.29862415625 0.31017890000000004 0.3042607953125 0.2769160671875 0.2953827875 0.26938608125 0.27786495 0.281261471875 0.2679242546875 0.258949375 0.25367612500000003 0.2669146703125 0.24774800625 0.27679565156249997 0.2368228890625 0.277297340625 0.232835275 0.2862536671875 0.22480674375 0.307719834375 0.2263741234375 0.33166975625 0.28634149375 0.35836895
1 0.3253465734375 0.1128077859375 0.3099824515625 0.1095444828125 0.29570598124999997 0.1622126953125 0.3006496796875 0.175145496875 0.31468459531250004 0.18139424531249998 0.32959732656249996 0.1719362296875 0.3385036734375 0.13476329843749998 0.3253465734375 0.1128077859375
1 0.2852855578125 0.17188219375 0.2829469671875 0.15653201562500002 0.27784336249999997 0.15425974375 0.2616547296875 0.163149690625 0.2538394109375 0.170401815625 0.25040979218750004 0.18497244375 0.259234496875 0.196055940625 0.274253834375 0.179490903125 0.28390305 0.178421146875 0.2852855578125 0.17188219375
1 0.28701284843749997 0.18517158281249999 0.2799154359375 0.187377475 0.2667299953125 0.21012487968750002 0.27361419531250003 0.2221330296875 0.28515061249999996 0.22369213124999998 0.29107872968750004 0.21381115 0.2926744515625 0.1930581546875 0.28701284843749997 0.18517158281249999
1 0.2122643171875 0.201972790625 0.2140449109375 0.21170866875 0.228079828125 0.217957415625 0.23105805781250002 0.1906654671875 0.22018624375 0.18761364375 0.2122643171875 0.201972790625
1 0.200458009375 0.304033565625 0.2063861265625 0.2941525828125 0.203994234375 0.28235591718749997 0.19540770624999998 0.2982077828125 0.200458009375 0.304033565625
1 0.3180440296875 0.599638740625 0.3124357296875 0.5881986578125 0.2932439046875 0.58323115 0.2854285875 0.590483275 0.2871025734375 0.6073261734375001 0.2979210859375 0.6139315062499999 0.31461441093750003 0.61420936875 0.31288711875 0.6009199781250001 0.3180440296875 0.599638740625
1 0.307492034375 0.5752658546875 0.326445684375 0.5532980000000001 0.341891446875 0.5083048765625 0.3329351734375 0.46317899531249995 0.32405716562500003 0.45564900937499997 0.31198771718749996 0.489625015625 0.28556353125 0.5386733359375 0.29127843750000004 0.543006396875 0.2920746109375 0.5755560609375 0.297178215625 0.5778283328125 0.307492034375 0.5752658546875
1 0.1741903578125 0.42827367812499995 0.18062316875 0.42756050781250005 0.1837329671875 0.4343109421875 0.1870559796875 0.426847334375 0.178284578125 0.412210328125 0.1741903578125 0.42827367812499995
1 0.1992819609375 0.4680631203125 0.18351975468749998 0.4485249859375 0.1679957234375 0.4559222125 0.15082266875 0.4876259453125 0.1512740578125 0.500347265625 0.1607100609375 0.5134915515625 0.1786792890625 0.5143374828125 0.1982975390625 0.4908769046875 0.1992819609375 0.4680631203125
1 0.2432671578125 0.661142865625 0.22968363125 0.6676154390625 0.2197145953125 0.690006259375 0.22205318593749998 0.7053564375 0.2271567921875 0.707628709375 0.244621325 0.699306828125 0.2512673484375 0.6843796156249999 0.2432671578125 0.661142865625
1 0.1434418375 0.698217840625 0.1638088140625 0.6855271171874999 0.16669509062500001 0.6668666156249999 0.16002155468749998 0.6348837390625001 0.1441522203125 0.6513902140625001 0.13252560625 0.6670658656249999 0.1434418375 0.698217840625
1 0.2603991015625 0.7103996 0.2643139484375 0.7311814875 0.276341075 0.7320032375000001 0.27554907812499996 0.7198646046875 0.2686617796875 0.7063996359375 0.2603991015625 0.7103996
1 0.3489150015625 0.45243993125 0.3567084296875 0.4749486734375 0.3748538828125 0.458548959375 0.38737283749999996 0.42695158749999995 0.3527235765625 0.41754460625 0.3489150015625 0.45243993125
1 0.3483949375 0.6797685343750001 0.31580985625 0.6398755656249999 0.2910272015625 0.6433474312499999 0.29746382968749996 0.7123959984375 0.32206417656249997 0.7423877296875 0.3580272890625 0.7312011140625 0.3878357125 0.7181808546874999 0.382673684375 0.6723650609375 0.3483949375 0.6797685343750001
1 0.40727993125 0.3058839296875 0.39864488593749997 0.3059508546875 0.387664684375 0.321914309375 0.387646390625 0.3445715015625 0.3973427375 0.34888859375000003 0.40736693125 0.33159289687500004 0.40727993125 0.3058839296875
1 0.4277867421875 0.70151683125 0.4151131046875 0.700407234375 0.4034682421875 0.7387401171875 0.4177168296875 0.7432707296875 0.4277867421875 0.70151683125
1 0.4003634375 0.7718090671875 0.3809433453125 0.7649759546875 0.37101014375 0.7977245765625 0.40164693749999997 0.8158980281250001 0.4003634375 0.7718090671875
1 0.3645914828125 0.77038825 0.3389348875 0.7671246703125 0.3345080546875 0.7912295031250001 0.35982071250000003 0.78458318125 0.3645914828125 0.77038825
1 0.5588412484374999 0.773027559375 0.5605685390625 0.78631695 0.5656721453125 0.7885892218749999 0.5729294687500001 0.775722796875 0.5679857734375 0.76278999375 0.5588412484374999 0.773027559375
1 0.6595591984375 0.7803090328125 0.6667099140625 0.7745496296875001 0.6578852125 0.7634661328125001 0.6494052906250001 0.7722109796875001 0.6595591984375 0.7803090328125
1 0.1927890953125 0.6440344484375 0.188748178125 0.6565442874999999 0.1936918734375 0.6694770890624999 0.2015604953125 0.6586714546875 0.1966167984375 0.6457386515625 0.1927890953125 0.6440344484375
1 0.30345786874999997 0.41607104687499996 0.30845486875 0.42545034218750005 0.3162701875 0.4181982171875 0.317148003125 0.402491453125 0.3127089984375 0.39872646093749997 0.30345786874999997 0.41607104687499996
1 0.24558078437500003 0.6353436375 0.2514555984375 0.6290161671875001 0.2401857 0.6096895140624999 0.233486371875 0.6281702359375 0.24558078437500003 0.6353436375
1 0.5192599640625 0.8001203718750001 0.5148209593749999 0.7963553796875 0.5152555546875 0.8042498828125 0.5192599640625 0.8001203718750001
1 0.5153256515625 0.8055231890625001 0.5152555546875 0.8042498828125 0.5107800421875 0.8088652171874999 0.5153256515625 0.8055231890625001