4 0.621505975 0 0.6306458125 0.1766470390625 0.6255376796875 0.1942856578125 0.6324608671874999 0.2445415890625 0.631597984375 0.327937803125 0.636462584375 0.3602836171875 0.6327254390625 0.37765574218750003 0.63835009375 0.5163862796875 0.6353645875 0.5669036968750001 0.6438466703125 0.6251794578125 0.6374914203125 0.6364022125 0.6402974359375 0.65083790625 0.6362485125 0.666606065625 0.6267156375 0.6834401953125 0.603784665625 0.7045432234375 0.589763009375 0.7056041875 0.589703178125 0.7272552234375 0.580106265625 0.729120675 0.572623559375 0.690625490625 0.5297471218750001 0.6823141296874999 0.515541765625 0.7117084859375 0.49709536718749997 0.7119649640625 0.47110643124999996 0.69537729375 0.473224846875 0.6916363765625 0.466493778125 0.6862864828124999 0.467800728125 0.6710513109375 0.44904255 0.669703821875 0.44586492499999997 0.6753152 0.4368275296875 0.6654199015625 0.4343332953125 0.6525881734375 0.4228657046875 0.644829828125 0.40410752656250004 0.6434823421875 0.360419621875 0.6236767234375 0.3511344875 0.6271461390625 0.30102729375 0.6035945968750001 0.283640103125 0.6019806156249999 0.1601189234375 0.559407909375 0.1311402734375 0.5567179390625 0.11462438281250001 0.5449471765625 0.0853339515625 0.540653240625 0.0018233640624999998 0.5136072406250001 0.06449102343749999 0.8360044046875 0.089168803125 0.8312075296874999 0.1006363921875 0.8389658750000001 0.11465805 0.837904909375 0.121265246875 0.8499371578125 0.176044925 0.860928475 0.2299533015625 0.8820765749999999 0.2872870453125 0.8842485812499999 0.2976954265625 0.8938773843750001 0.30984640625000004 0.8831926250000001 0.31875993125 0.8997702796875 0.33097495 0.9040541984375 0.341631071875 0.9003182890625 0.350668465625 0.9102135859375 0.41541666718750003 0.8992923796875001 0.45349675156249997 0.9268463265625 0.49076536718749997 0.9429060171874999 0.5210551734375 0.9669805312499999 0.5541467890625 0.9688710234375 0.573156915625 0.9934735140625 0.582753828125 0.9916080624999999 0.585619675 0.9843927203125 0.59097975625 0.9900091046874999 0.625254446875 0.9833467796875001 0.629803059375 0.977468909375 0.6321093859375 0.9820143140625 0.8823765734375 0.9300381609375 0.8894792515625 0.9153409828125 0.8812491187499999 0.8803202234375 0.8876641968750001 0.8474464328125 0.8860412625 0.8244579234374999 0.8918968218750001 0.8033448812499999 0.8975686828124999 0.81056523125 0.8999348390625 0.7934595984375 0.8936394203125 0.7830313171875 0.895194109375 0.7544314296875 0.888958521875 0.7223521093749999 0.8950618234375 0.687874353125 0.89175611875 0.6635483703125 0.90265998125 0.6464477468750001 0.8972999015625 0.6408313609375 0.9022841625 0.6298751 0.8921833515625 0.5852305453125 0.8999095890625 0.5737413 0.8950449890625001 0.5413954859375 0.8995936015625 0.535517615625 0.8894927906250001 0.49087306093749994 0.8955960921875 0.45639530468749995 0.8929097374999999 0.39865753593750003 0.8973943125 0.37781098750000003 0.889663865625 0.35268051875 0.8961429843750001 0.33477540625 0.8917780734375 0.312319884375 0.8932687234375001 0.268751315625 0.8857261859375001 0.25190716874999997 0.891022228125 0.242554875 0.881609015625 0.21608693125 0.88827604375 0.20646814375 0.8801739890625001 0.20138474374999998 0.881980625 0.1960398609375 0.870572865625 0.166630478125 0.8739982312500001 0.14765438749999998 0.8877081062500001 0.1449894578125 0.8899503953125001 0.1345661828125 0.8887797109375001 0 0.621505975 0
1 0.7959968453124999 0.3392607171875 0.7924434 0.328299446875 0.7803522515625 0.3173331703125 0.7656472062499999 0.336837240625 0.7512497312499999 0.321325559375 0.7409053875 0.326665434375 0.73891505 0.3603437109375 0.7297579953125 0.3937504890625 0.74004250625 0.41006165 0.8044789281250001 0.39753647812500004 0.811393696875 0.374552975 0.808399771875 0.35183095937500003 0.8065290968750001 0.3422071640625 0.7959968453124999 0.3392607171875
1 0.7750435859375 0.21682631562500002 0.7729807906249999 0.16229648125 0.7572763671875 0.16201997031249998 0.7395175671875001 0.180453059375 0.7398335546875 0.21867674374999999 0.7522364828125 0.2312469859375 0.767317346875 0.2283155625 0.7750435859375 0.21682631562500002
1 0.81399496875 0.2342234796875 0.8080113296875 0.22539916249999997 0.7942374125 0.21309541406250002 0.7887534625 0.2141613859375 0.783021771875 0.228592071875 0.7828979015625 0.23527442812500002 0.792059165625 0.23848736874999998 0.8029672359375001 0.2580064609375 0.8140590078125 0.2491921609375 0.81399496875 0.2342234796875
1 0.7924990234375 0.27002869375 0.784768578125 0.24489822499999997 0.7783492890625 0.2411522984375 0.7710587 0.24756315468749998 0.767945115625 0.2681432125 0.7714985578125 0.2791044796875 0.7830900187500001 0.2801804671875 0.7924990234375 0.27002869375
1 0.8474025703124999 0.274337653125 0.8429137890625 0.2585644859375 0.8316341078124999 0.259092465625 0.828396653125 0.286354878125 0.8434775171875 0.28342345625 0.8474025703124999 0.274337653125
1 0.842178984375 0.3718980625 0.8373784234375 0.3545209296875 0.8323941625 0.36547718906250004 0.8359476046875001 0.376438459375 0.842178984375 0.3718980625
1 0.688717653125 0.636432259375 0.6827340140625 0.6276079421875 0.6629166296875 0.6281309125 0.6548786109375 0.63801619375 0.659615134375 0.6404246453125 0.6549426515625 0.6529848734375 0.6712706328125 0.6564693140625 0.6832977437500001 0.6524669125 0.688717653125 0.636432259375
1 0.6855274031249999 0.5321844859375 0.6814102328125 0.4963642484375 0.671065890625 0.5017041234375 0.65218805 0.543658709375 0.6571166890625 0.5909732015625 0.670642865625 0.616641665625 0.680115909375 0.6214585718750001 0.685599859375 0.6203926 0.6936977078125001 0.58885628125 0.7002408671875 0.5859198515624999 0.6855274031249999 0.5321844859375
1 0.8335940734375 0.503403240625 0.83321825625 0.48683059531249995 0.8213790546874999 0.49911932031250006 0.8229379515625 0.5071391515625 0.8274865640625 0.5012612812499999 0.8335940734375 0.503403240625
1 0.8430114968750001 0.5664909015624999 0.8334103734375 0.5317366359375 0.8199482359375001 0.5210368515625 0.8001948890625 0.5365285015625 0.7960220953125 0.5589790156250001 0.8098600499999999 0.586251446875 0.8275590203125001 0.58946939375 0.8397100015625 0.578784634375 0.8430114968750001 0.5664909015624999
1 0.7303596 0.748186909375 0.7256829078125 0.72412741875 0.7139035390624999 0.7147651078124999 0.7008812609375 0.73560665 0.7039990546875 0.751646309375 0.71914395625 0.7636835671875 0.7246279078125 0.7626175953125001 0.7303596 0.748186909375
1 0.78584010625 0.75639863125 0.8028302875 0.7733456640624999 0.82047440625 0.74544773125 0.8126720359374999 0.727558425 0.8009225796875 0.7079051875 0.7872255046875 0.7375671265625 0.78584010625 0.75639863125
1 0.68613033125 0.758905546875 0.6789792203125 0.753149403125 0.6692394859374999 0.764719959375 0.6657371875 0.7763693203125 0.6776409140624999 0.7782741468750001 0.68613033125 0.758905546875
1 0.6579113875 0.48764562187499993 0.662050165625 0.45278791875 0.626172853125 0.45415941249999997 0.631263084375 0.4877630984375 0.6452543390625001 0.5078243265625 0.6579113875 0.48764562187499993
1 0.6495664765625 0.752513028125 0.671370684375 0.686682096875 0.64800420625 0.67772433125 0.6072803125 0.709264796875 0.575545546875 0.6943400328125 0.5602095109375 0.73782036875 0.5863250265625 0.7572123546875 0.618849965625 0.7762022 0.6495664765625 0.752513028125
1 0.6424089484375 0.3337242609375 0.6340102734374999 0.3317165890625 0.6281422453125 0.35674706718750004 0.6340188328125 0.375854428125 0.6444377984375 0.3738291875 0.6495167328125 0.35174858124999997 0.6424089484375 0.3337242609375
1 0.5254502515625 0.7555454015625 0.5403528140625 0.75433614375 0.53762943125 0.71436620625 0.5250310125000001 0.7125964171875 0.5254502515625 0.7555454015625
1 0.5247706859375 0.8299262078125 0.5587103984375 0.81911031875 0.5563986203125 0.784966559375 0.5359391484375 0.78725596875 0.5247706859375 0.8299262078125
1 0.572569215625 0.8088228109375001 0.5957380140625 0.8209928968750001 0.5968470484374999 0.7965100484375001 0.571113884375 0.79391850625 0.572569215625 0.8088228109375001
1 0.3812490109375 0.7527934796875 0.3746418125 0.74076123125 0.366915575 0.7522504796875 0.37109257812499996 0.7664196796875 0.37657652812500003 0.7653537078125 0.3812490109375 0.7527934796875
1 0.2931898109375 0.7316253515625 0.2868943921875 0.7211970671875 0.275802621875 0.73001136875 0.28147448124999996 0.7372317203125001 0.2931898109375 0.7316253515625
1 0.766936409375 0.709450271875 0.7628234453125 0.7102497515625 0.7550972093749999 0.721738996875 0.7603334187499999 0.7340377390625 0.76805965625 0.7225484921875001 0.766936409375 0.709450271875
1 0.710384675 0.4624345015625 0.705272334375 0.44345340312500003 0.7001001625 0.446123340625 0.6974222265625001 0.46162500624999997 0.703405865625 0.47044932343749996 0.710384675 0.4624345015625
1 0.730850871875 0.6848377625000001 0.7284805046875 0.6653236796875001 0.7131519015625 0.681619815625 0.7174527734375 0.6891066593749999 0.730850871875 0.6848377625000001
1 0.41889344531250006 0.7854258187500001 0.4137212734375 0.78809575625 0.4166941125 0.793020225 0.41889344531250006 0.7854258187500001
1 0.4166941125 0.793020225 0.4163393796875 0.794245128125 0.4200166921875 0.798524040625 0.4166941125 0.793020225