4 0.3074626859375 0.825 0.3054726375 0.8736842109375 0.3084577109375 0.8802631578125 0.3054726375 0.8868421046874999 0.3064676609375 0.9092105265624999 0.29950248749999997 0.9565789468749999 0.29850746250000004 0.9934210531250001 0.4328358203125 0.9934210531250001 0.42985074687499997 0.9815789468749999 0.4328358203125 0.9513157890624999 0.42985074687499997 0.9302631578125 0.43482587031250003 0.9157894734375001 0.43184079531249997 0.889473684375 0.43482587031250003 0.8723684203125 0.43383084531250005 0.7657894734374999 0.4407960203125 0.6026315796875 0.4378109453125 0.5907894734375 0.4427860703125 0.48552631562500004 0.4407960203125 0.4223684203125 0.44378109375 0.40789473750000005 0.44378109375 0.3842105265625 0.4388059703125 0.38026315781250003 0.44378109375 0.3631578953125 0.4407960203125 0.3342105265625 0.4427860703125 0.3131578953125 0.4378109453125 0.3052631578125 0.4427860703125 0.3013157890625 0.44477611875 0.2921052625 0.44378109375 0.23552631562499998 0.43980099531250005 0.2302631578125 0.44577114375000004 0.21578947343750002 0.4427860703125 0.19605263125 0.44975124375000003 0.056578946875 0.44378109375 0.043421053125 0.44477611875 0.0328947375 0.42288557187500003 0.013157895312500001 0.419900496875 0.00394736875 0.3353233828125 0.0052631578125000005 0.330348259375 0.4 0.31940298437500003 0.5842105265625 0.3144278609375 0.7424342109375 0.3074626859375 0.825
1 0.3651741296875 0.0776315796875 0.3601990046875 0.07894736875 0.3601990046875 0.089473684375 0.3681592046875 0.0907894734375 0.369154228125 0.08289473750000001 0.3651741296875 0.0776315796875
1 0.34925373125000003 0.018421053125 0.34925373125000003 0.031578946875 0.35422885625 0.030263157812500004 0.3572139296875 0.018421053125 0.34925373125000003 0.018421053125
1 0.369154228125 0.0552631578125 0.3631840796875 0.0473684203125 0.34925373125000003 0.0473684203125 0.35124378125 0.06052631562500001 0.3661691546875 0.06447368437499999 0.369154228125 0.0552631578125
1 0.35422885625 0.45131578906250003 0.35024875624999996 0.4447368421875 0.34527363125 0.4447368421875 0.3412935328125 0.45 0.3412935328125 0.4697368421875 0.34726368124999996 0.4736842109375 0.35422885625 0.45131578906250003
1 0.3510103171875 0.5196725875 0.351380940625 0.50937545625 0.3443389796875 0.5186919046875 0.3510103171875 0.5196725875
1 0.3476746484375 0.559390075 0.339150165625 0.565764440625 0.344709603125 0.57066783125 0.3439083234375 0.5656789437499999 0.347304025 0.5843973375 0.35545785625000004 0.58390700625 0.356940378125 0.5667451421874999 0.3476746484375 0.559390075
1 0.3906676296875 0.63097954375 0.3906676296875 0.6221534265625001 0.38066065312499997 0.6103852828125 0.377324984375 0.6236244578125001 0.379548753125 0.6388249593750001 0.38473756875 0.6383346296875 0.3906676296875 0.63097954375
1 0.44107319531250005 0.44906376249999996 0.44107319531250005 0.4122883375 0.4333374640625 0.4112691796875 0.44107319531250005 0.44906376249999996
1 0.3443389796875 0.369628840625 0.354345984375 0.369628840625 0.348786546875 0.34511189062500003 0.3406326875 0.358351046875 0.3443389796875 0.369628840625
1 0.36731800625 0.406404265625 0.370653646875 0.3961071453125 0.3699124 0.3858100328125 0.3695417765625 0.3769839265625 0.3695417765625 0.36864816875 0.368466584375 0.37205400312500003 0.3628704390625 0.37404190000000004 0.3654648609375 0.3858100328125 0.3669473546875 0.39904918125 0.36731800625 0.406404265625
1 0.35024875624999996 0.7763157890625 0.34427860625 0.7592105265625 0.3373134328125 0.7552631578125 0.3323383078125 0.7605263156250001 0.32835820937500004 0.7657894734374999 0.32835820937500004 0.7815789468750001 0.34825870625 0.7868421046875 0.35024875624999996 0.7763157890625
1 0.369154228125 0.8368421046875 0.3681592046875 0.810526315625 0.3611940296875 0.8131578953125 0.3592039796875 0.825 0.35223880625000004 0.82894736875 0.35124378125 0.8486842109375001 0.3611940296875 0.860526315625 0.3651741296875 0.8565789468749999 0.369154228125 0.8368421046875
1 0.32238805937500004 0.9092105265624999 0.32537313437500004 0.8934210531250001 0.32537313437500004 0.8776315796875 0.32039800937499996 0.8776315796875 0.3104477609375 0.8921052625 0.3114427859375 0.9078947375 0.3164179109375 0.9131578953125 0.32238805937500004 0.9092105265624999
1 0.41364665624999997 0.7739055234375 0.41920609375 0.7665504375000001 0.41661167343749994 0.7538016046875 0.404380928125 0.7557629625 0.40252778125 0.760176015625 0.3873319609375 0.772434490625 0.39882148906250003 0.78518330625 0.40734594375000005 0.7910673874999999 0.41364665624999997 0.7739055234375
1 0.4188354421875 0.8626568656250001 0.41661167343749994 0.8513790718750001 0.415499803125 0.8401012796874999 0.4091990890625 0.8396109296875001 0.4051221734375 0.8440239875 0.39993335937499996 0.8538307671875 0.3962270671875 0.85824380625 0.401045259375 0.85726314375 0.411422859375 0.8754056718750001 0.415499803125 0.887664146875 0.4199473421875 0.8837414390625 0.4188354421875 0.8626568656250001
1 0.3628704390625 0.95336961875 0.3521221875 0.961214996875 0.36175856875 0.9641570421875001 0.3628704390625 0.95336961875
1 0.4188354421875 0.9621956796875001 0.4184648203125 0.9303236437500001 0.4184648203125 0.9264009734374999 0.4151291515625 0.9156134734375 0.4180941953125 0.8979612781249999 0.415499803125 0.8920772046875 0.414802928125 0.8934933218750001 0.40994036562499997 0.9190458874999999 0.40994036562499997 0.9406207734375001 0.41031098750000006 0.961214996875 0.4188354421875 0.9621956796875001
1 0.3209893578125 0.8283331359374999 0.3209893578125 0.8396109296875001 0.32506627187500003 0.8435336375 0.33062571093750004 0.8435336375 0.333220103125 0.8420626234374999 0.333590728125 0.8351978984375 0.3354438734375 0.8327462046875 0.3435977328125 0.831765503125 0.347304025 0.8278428124999999 0.343227109375 0.81411330625 0.33729701875 0.8057775578124999 0.333250965625 0.8156757046875001 0.3313669578125 0.8170553328124999 0.3232131265625 0.81999736875 0.3209893578125 0.8283331359374999
1 0.3410033109375 0.8896255109375 0.342485834375 0.8803090625 0.34656275000000003 0.873444328125 0.351380940625 0.86903126875 0.34989841718750003 0.8621665343749999 0.34545087812499997 0.857753475 0.3376676703125 0.857753475 0.33655577187499996 0.87001195 0.328401940625 0.8729539781250001 0.333220103125 0.887173815625 0.3410033109375 0.8896255109375
1 0.34656275000000003 0.7331282640625 0.345821503125 0.7198891078125 0.3383479625 0.717637759375 0.3321082328125 0.7051789375 0.3295138125 0.7267538625000001 0.3402620640625 0.7336185953125 0.34656275000000003 0.7331282640625
1 0.3506396921875 0.6821330015625 0.35545785625000004 0.6630098015625 0.34656275000000003 0.66595181875 0.344524278125 0.6767392703125 0.3506396921875 0.6821330015625
1 0.386220090625 0.6782102937500001 0.39400329843750004 0.6885074125 0.401045259375 0.6831136828125 0.3865907140625 0.6684035125000001 0.386220090625 0.6782102937500001
1 0.348045271875 0.2017313953125 0.351380940625 0.21987394375 0.3517515625 0.23066140468750002 0.3476746484375 0.2478232609375 0.34807859375 0.2482810953125 0.356940378125 0.24488123437499998 0.356940378125 0.22968072187500002 0.3565697546875 0.204183090625 0.348045271875 0.2017313953125