4 0.420372128125 0 0.37743476249999997 0.017347821875 0.38463860625 0.027209403124999997 0.39320767343749996 0.056387142187499996 0.40386183906250006 0.0747885734375 0.40467092187500003 0.0900720546875 0.41729670468749996 0.1133534 0.42093673593750003 0.13033135468749998 0.46178448281250006 0.228776890625 0.5164465078125 0.38266345468749996 0.5236503515625001 0.3925250359375 0.55846976875 0.4919870515625 0.583974275 0.549800546875 0.5866285015625 0.5643385390625 0.5955007625000001 0.5862981578124999 0.6015923265625001 0.5880943796875 0.6033872171875 0.6058178171875 0.6169988046875 0.631539121875 0.6230401156250001 0.6518042671875001 0.6306103921874999 0.6572604265625 0.6274762468749999 0.6627840765624999 0.62908143125 0.6720694140625 0.6511988484375 0.7241557578125 0.6568607453124999 0.7275447015625 0.6567472578125 0.743200925 0.6669085203125 0.760382378125 0.7126982859375001 0.8923093265625001 0.723162746875 0.9022726546875001 0.7261834015625 0.912405228125 0.7538735156249999 0.9225045656249999 0.760091553125 0.9299261890625001 0.8380171843750001 0.8970230656249999 0.6947590140625 0.529165725 0.6359008187499999 0.35426852656249996 0.5812420375 0.2057023671875 0.556770346875 0.1265395 0.5403780609375 0.0806548 0.53514583125 0.0756731359375 0.5354490265625 0.0684550140625 0.5261470984375001 0.048088115625 0.514860571875 0.00155968125 0.514278890625 0 0.420372128125 0
1 0.77756846875 0.8377175765624999 0.7832303656249999 0.8411065203125 0.7873503171875 0.8380228265625 0.783407090625 0.8282629968749999 0.77553361875 0.8300249624999999 0.77756846875 0.8377175765624999
1 0.8201721546874999 0.890041678125 0.8152431218749999 0.877841890625 0.81112316875 0.880925584375 0.8127915874999999 0.8930236203125 0.8201721546874999 0.890041678125
1 0.787236828125 0.8536790515625 0.787919440625 0.86333713125 0.7964122859375 0.8684205468749999 0.80932828125 0.8632021468750001 0.8025541046875 0.8517478437499999 0.787236828125 0.8536790515625
1 0.658486853125 0.46860702187500003 0.6514727171875 0.46718354218749997 0.653394078125 0.4905323828125 0.6595488781250001 0.49514130468750006 0.664161734375 0.49327758906249997 0.665880403125 0.486906703125 0.658486853125 0.46860702187500003
1 0.634285084375 0.4356335484375 0.6373242734375 0.4243575234375 0.630771346875 0.4259473765625 0.634285084375 0.4356335484375
1 0.6099614437499999 0.3645472328125 0.6025850234375 0.3680563390625 0.6076394015625 0.38452390468750003 0.6189856921875 0.3878724 0.6245015765625 0.3787688640625 0.6175101125 0.376305121875 0.6201219171875 0.380630571875 0.6099614437499999 0.3645472328125
1 0.55967570625 0.3261619078125 0.5550484015625 0.3285602984375 0.5523054078125 0.3376012546875 0.5556117296875 0.3457846890625 0.5692984609375 0.3529472421875 0.56743175625 0.33942252968750003 0.55967570625 0.3261619078125
1 0.5874933484375 0.5592504671875 0.595047578125 0.5572975578125 0.5737170328125 0.5251528875 0.5874933484375 0.5592504671875
1 0.69316428125 0.5625663890625 0.683885946875 0.5663150796875 0.6982247796875 0.5869641984375 0.70082543125 0.5716345765625 0.69316428125 0.5625663890625
1 0.6701640203125 0.5729167859375 0.6698850734375 0.569356178125 0.67432905 0.5654166796875 0.6675151234375 0.55547734375 0.66118110625 0.5437575703124999 0.65808218125 0.5370769046875 0.6588467984374999 0.5478737812500001 0.6633914375 0.557143421875 0.667041390625 0.56518800625 0.6701640203125 0.5729167859375
1 0.5595770078125 0.1892661453125 0.5536621671875 0.17462640000000001 0.533239134375 0.1772013421875 0.53533721875 0.1877066578125 0.5472803890625 0.20132992343749997 0.555217096875 0.20238066093749998 0.5578583390625 0.19563703125 0.5595770078125 0.1892661453125
1 0.513775940625 0.13965299375 0.5073049593750001 0.12098056875 0.4936431203125 0.1137281890625 0.4914315453125 0.118879096875 0.4951348140625 0.13866974999999998 0.5059154515625 0.1626965828125 0.5113876421875 0.1576474234375 0.5087966546875 0.1459221296875 0.513775940625 0.13965299375
1 0.528864559375 0.0654388125 0.522027146875 0.051171809375 0.5154426765625 0.048155609375000005 0.5113859625 0.054052003125000005 0.514533090625 0.0698099765625 0.52044793125 0.0844497203125 0.5250607859375 0.08258600625 0.528864559375 0.0654388125
1 0.4929110171875 0.2222552625 0.5024082296875 0.20519694843749997 0.48697953437499997 0.19768050625 0.4768715828125 0.195418196875 0.47745861093749997 0.21369068906250002 0.4750592546875 0.2225928078125 0.48224055625 0.2334414328125 0.4928459671875 0.2270411765625 0.4929110171875 0.2222552625
1 0.459095534375 0.145484653125 0.4602328359375 0.13444820156249998 0.4620160953125 0.1289681015625 0.457916109375 0.1316822828125 0.4414978546875 0.11874834062499999 0.43312567343749997 0.10890973125 0.430471459375 0.1142128796875 0.4394008140625 0.13334563125 0.44568739218750003 0.14296918125 0.4509430359375 0.153009253125 0.4569686453125 0.151103609375 0.459095534375 0.145484653125
1 0.464335740625 0.0169728984375 0.454298934375 0.0178549328125 0.4573090671875 0.028273371874999998 0.464335740625 0.0169728984375
1 0.4268628203125 0.10033427343750001 0.43147251249999996 0.104818015625 0.43158815625 0.10324396093749999 0.4265244859375 0.07773048593750001 0.4184423921875 0.057726599999999996 0.41038402500000004 0.03877080625 0.40211291875 0.04105485 0.414396028125 0.07046725000000001 0.4158654859375 0.0741042859375 0.4229993328125 0.08285671875 0.4268628203125 0.10033427343750001
1 0.5264967140625 0.120368209375 0.528724646875 0.12687190937499998 0.5279248609375 0.12983928125 0.5207321125 0.1338030609375 0.5187651640625 0.13882851875 0.5276883781249999 0.1500310546875 0.5363092875000001 0.155538375 0.5363528125 0.1448452953125 0.537582815625 0.14286036562499999 0.5440408109375 0.137078078125 0.5429800203124999 0.12851625 0.538755284375 0.1180596625 0.5335057625 0.1159498296875 0.528351140625 0.1180324328125 0.5264967140625 0.120368209375
1 0.5035017921875 0.10797599375 0.5092786406250001 0.11040163437499999 0.5164951046875 0.10748599375000001 0.5129339328125 0.09570360781250001 0.51939193125 0.089921328125 0.5095977640625 0.078541840625 0.501462878125 0.079184309375 0.503578309375 0.0883777328125 0.5023698328124999 0.0962698421875 0.4995556453125 0.1021664859375 0.5035017921875 0.10797599375
1 0.5731285484375 0.22589222968749997 0.56059136875 0.2235537265625 0.55493315625 0.22636863125 0.5605799031250001 0.2383660875 0.5683526203125 0.23765386406250003 0.578805153125 0.2468680390625 0.5731285484375 0.22589222968749997
1 0.5702562421875 0.275177865625 0.5729525953125 0.294713503125 0.5800978953125 0.288653546875 0.5779468828125001 0.277887971875 0.5702562421875 0.275177865625
1 0.53873614375 0.29214358906250004 0.5276623109374999 0.2855119078125 0.5231536453125 0.2931508515625 0.5420661921875001 0.301375115625 0.53873614375 0.29214358906250004
1 0.7351546359375 0.6764789437500001 0.72821174375 0.6829509234375 0.73390595625 0.6970445921875 0.7438011718750001 0.720546746875 0.75262335625 0.7196265921875 0.7427342593749999 0.7040546765625 0.7383495718749999 0.6941915546875 0.735700675 0.6767521203125 0.7351546359375 0.6764789437500001