4 0.6004263859375001 1 0.6559347875 0.9729267437500001 0.648060584375 0.9635916984374999 0.6374770546875 0.9350827828125 0.6255652234375 0.9174693734374999 0.6236919890625 0.9022795609375001 0.6094729390625 0.8799356578124999 0.6046574515625001 0.8632529765625 0.55704199375 0.76789664375 0.4917785390625 0.61819796875 0.4839043328125 0.608862925 0.442231615625 0.5120720750000001 0.4127563703125 0.4561785140625 0.4090944921875 0.441861084375 0.3987120171875 0.42057385781249995 0.39250999375 0.4192069359375 0.3894831515625 0.40165187812500003 0.37411049375 0.37694272500000003 0.36667027343749997 0.3571483640625 0.358737834375 0.3522335734375 0.3614790359375 0.34650475 0.35923004999999997 0.337354003125 0.33353315 0.2869373734375 0.32764864375 0.2839516390625 0.3266697328125 0.2683256375 0.3153347046875 0.25189485 0.260453721875 0.12348340312499999 0.2493197453125 0.1142743078125 0.245599634375 0.1043771265625 0.2172724796875 0.0962339546875 0.2105518828125 0.089264159375 0.1351112796875 0.12752295 0.3036809109375 0.4844910234375 0.3745959421875 0.6548564406249999 0.43948502968750003 0.7992478968750001 0.46941923125 0.87651086875 0.488972340625 0.9211403265625 0.494539328125 0.925744875 0.49474038125 0.9329665640625 0.5054403734374999 0.952634978125 0.519945065625 0.9982627640624999 0.5207350468749999 1 0.6004263859375001 1
1 0.19438480625000001 0.1923061140625 0.20211619062500003 0.189999215625 0.1995496875 0.18246728437499998 0.19366518125 0.17948155 0.1897703734375 0.182845125 0.19438480625000001 0.1923061140625
1 0.1630626859375 0.14170518593749998 0.160554415625 0.129753003125 0.1533998359375 0.133242525 0.1591678765625 0.1450687609375 0.1630626859375 0.14170518593749998
1 0.1660895265625 0.1592602453125 0.1736462125 0.17021410312500002 0.1887914625 0.16721912187500002 0.18743680000000001 0.15763218437499998 0.17861004062500002 0.1531535828125 0.1660895265625 0.1592602453125
1 0.3367070875 0.518157378125 0.3354370140625 0.524632634375 0.3440890765625 0.542371990625 0.3511854234375 0.5433027203125 0.3476400109375 0.520144784375 0.3411787 0.5159764265625 0.3367070875 0.518157378125
1 0.36828679375 0.585037471875 0.3747128546875 0.5829943828124999 0.370532003125 0.5735769125 0.36828679375 0.585037471875
1 0.39140465468749996 0.6315906546875001 0.388497484375 0.62745793125 0.399755125 0.6427933343750001 0.4068687921875 0.6387782234375 0.40067800781249996 0.6227033468750001 0.38912577656249997 0.620154484375 0.384258359375 0.6296206140625 0.39140465468749996 0.6315906546875001
1 0.441128228125 0.6515285609375 0.44393382187499997 0.6648901140625 0.45259599375 0.6775773984375 0.4570447234375 0.674862065625 0.45915036875000004 0.665651790625 0.45528125468749997 0.6577189296875 0.441128228125 0.6515285609375
1 0.401187078125 0.44947220000000004 0.4247079625 0.4800506234375 0.40858667656250003 0.44699709062500004 0.401187078125 0.44947220000000004
1 0.2961917703125 0.4270751046875 0.29466679375 0.44254879531249997 0.302941846875 0.45106047812499994 0.3119360828125 0.4466736953125 0.2961917703125 0.4270751046875
1 0.333020453125 0.45439338749999997 0.328818228125 0.44662300625 0.325164071875 0.43913087656250005 0.325690715625 0.4426633546875 0.32153237031250004 0.446903253125 0.32902303125 0.4563430609375 0.3361591484375 0.4675924453125 0.3397165453125 0.47404066875 0.3382006375 0.4633234296875 0.333020453125 0.45439338749999997
1 0.46567828593750005 0.8007461031249999 0.4635138890625 0.8076575500000001 0.4622438171875 0.8141328046874999 0.469165465625 0.8283242890625001 0.48935913124999997 0.8243309812499999 0.48653334375 0.8139976109375 0.4736689546875 0.8012406437499999 0.46567828593750005 0.8007461031249999
1 0.51252140625 0.8423129843750001 0.5159239984374999 0.853828978125 0.5113941546875 0.8604301812499999 0.5191518937499999 0.8786057265625 0.5332863546875 0.8848874390624999 0.5351332328125 0.8795948062500001 0.530058459375 0.8601106890624999 0.5176280546875 0.8368944046875001 0.51252140625 0.8423129843750001
1 0.5085892015625 0.9159643953125001 0.5041175890625 0.918145346875 0.5015192093749999 0.9355161078125 0.5093351828125 0.9492714031249999 0.5161140109375 0.951820946875 0.5197495328125 0.945655934375 0.5155108515625 0.9301558796875 0.5085892015625 0.9159643953125001
1 0.5363103687499999 0.7646704078125001 0.52617725 0.7717948703124999 0.5264462078125 0.7765736624999999 0.5181620578125 0.794252915625 0.5340774890625 0.800674796875 0.5443186296875 0.8022265000000001 0.5424584078125 0.78403946875 0.5442309390625 0.7749916640625 0.5363103687499999 0.7646704078125001
1 0.5731423140625 0.8427234531250001 0.5672643140625 0.84504478125 0.5655345640625 0.8507984140625 0.5651698984375 0.861887315625 0.5637732546875001 0.8674784593749999 0.567673921875 0.8644848890624999 0.5849544078125 0.8762420453124999 0.593992503125 0.8854726749999999 0.596270321875 0.879997296875 0.586028084375 0.86153403125 0.579085515625 0.8523724546875 0.5731423140625 0.8427234531250001
1 0.5792224796875 0.977782640625 0.5754929265625 0.96759955625 0.56927165 0.979362659375 0.5792224796875 0.977782640625
1 0.61363855 0.9189893265625001 0.6059115421875 0.910755846875 0.6008382921875 0.89359036875 0.595927059375 0.88943910625 0.5959214984375001 0.89101739375 0.6027525625 0.9161154937499999 0.6122103703125 0.9355068734374999 0.6215713968750001 0.9538543687500001 0.629663028125 0.950998925 0.615358134375 0.9225149984375 0.61363855 0.9189893265625001
1 0.493365840625 0.8854518875 0.49836263125 0.8830147890625 0.50004960625 0.88055534375 0.497373425 0.8742228984375 0.49796426875 0.871206965625 0.504862996875 0.8667510999999999 0.506474596875 0.8616006781250001 0.4967916703125 0.8510478812500001 0.48780758750000003 0.846155340625 0.48851008125 0.856825409375 0.48742153593750004 0.85889130625 0.4813826234375 0.86510999375 0.4830380734375 0.8735769687499999 0.4879819328125 0.8837133828124999 0.493365840625 0.8854518875
1 0.52579873125 0.9029120015625001 0.528194734375 0.8968334140625001 0.52385295 0.891313328125 0.5179209703125001 0.8892965687500001 0.5109254703125 0.8927085031249999 0.5152998640625001 0.9042137718750001 0.5092609484375 0.9104324531250001 0.5198250515625 0.9211010156249999 0.5278953046875 0.9198926500000001 0.5251437250000001 0.9108691859375 0.52579873125 0.9029120015625001
1 0.450114225 0.7664751109375 0.43904440468750006 0.7580125140625 0.44617037968749995 0.7785412468749999 0.4588401453125 0.7799995046875 0.46428821718749996 0.776796759375 0.457818325 0.7652224249999999 0.450114225 0.7664751109375
1 0.43484000156249997 0.7164189703125 0.43773674375000005 0.727008275 0.445597696875 0.7291753062499999 0.441545175 0.70987534375 0.43484000156249997 0.7164189703125
1 0.4913318234375 0.707960390625 0.47189165 0.7010754328125001 0.4758575453125 0.7100521796875 0.48736700624999996 0.7158952359375 0.4913318234375 0.707960390625
1 0.24868491874999998 0.32290791093750004 0.25254387500000003 0.3401200875 0.2531076390625 0.3403545078125 0.2595821578125 0.3334139828125 0.2529186921875 0.319751853125 0.2414081515625 0.2969972046875 0.2326716453125 0.298530521875 0.24362289375 0.3133746765625 0.24868491874999998 0.32290791093750004