5 0.47713472343749996 0 0 0.4940874703125 0 0.706166825 0.1568177859375 0.857604 0.17785979062499999 0.85364169375 0.17240719375 0.872658515625 0.3042731609375 1 0.5436628171875 1 1 0.5244858390625 1 0.2925154046875 0.7006471671875001 0 0.47713472343749996 0
1 0.093926215625 0.7101098125 0.6440806218749999 0.1273808140625 0.289825321875 0.490965809375 0.093926215625 0.7101098125
1 0.6749896640624999 0 0.5778522828125 0.09962915624999999 0.5788905875 0.0996429609375 0.675114675 0 0.6749896640624999 0
1 0.5635524921874999 0.11429576718750001 0.5778522828125 0.09962915624999999 0.566142528125 0.09947346875 0.5635524921874999 0.11429576718750001
1 0.48189273125 0.1980502703125 0.4852872140625 0.196572090625 0.5632900249999999 0.115797815625 0.5635524921874999 0.11429576718750001 0.48189273125 0.1980502703125
1 0.46300547812500004 0.2062750109375 0.46099222187500005 0.2194869203125 0.48189273125 0.1980502703125 0.46300547812500004 0.2062750109375
1 0.23691795 0.4493091609375 0.46058632343749994 0.22215061249999998 0.46099222187500005 0.2194869203125 0.23691795 0.4493091609375
1 0.4755614421875 0.2244707484375 0.4704930359375 0.20743507968750002 0.4577449765625 0.20726558750000001 0.4297916984375 0.1559890890625 0.4146244859375 0.1716951984375 0.4755614421875 0.2244707484375
1 0 0.7029721953125 0.008603365625000001 0.6901926656249999 0 0.6944786093750001 0 0.7029721953125
1 1 0.32318244375 0.9357961859374999 0.3896674390625 0.9440901296875 0.38553564218749997 1 0.32763927812500004 1 0.32318244375
1 0.8021326140625 0.545907446875 0.880387834375 0.45150130156249996 0.9052696640625 0.4391059046875 0.916789146875 0.41380663906250004 0.742462240625 0.5854137703125 0.7097086609375001 0.632701590625 0.687860271875 0.6419557640625 0.6618839140625 0.6866823953125001 0.659752903125 0.6755186265625001 0.6484255171875 0.6827916468749999 0.6462111265625 0.7029120421874999 0.6241579765624999 0.707921421875 0.614865553125 0.7353713328125 0.599890434375 0.733051196875 0.6087986671875 0.741653778125 0.5936314546875 0.7573598859375 0.5786563359375 0.75503975 0.47013272031250003 0.8732670875 0.4900610546875 0.8646101749999999 0.49925620937500004 0.84171781875 0.506094965625 0.848006575 0.51497495625 0.8254405796875 0.5221288765625001 0.8314029749999999 0.5306937046875 0.8091633390625 0.5381627890625 0.8147993703124999 0.54641245625 0.7928860953125 0.5541967 0.7981957703125 0.586758184375 0.7689341984375 0.76350424375 0.5814514640625 0.7598565109375001 0.57185830625 0.7817049 0.5626041328125 0.7841240515625 0.5467285328125 0.8021326140625 0.545907446875
1 0.2482449859375 0.43305914999999995 0.1791578453125 0.38409546875 0.17738694375 0.3957001171875 0.2482449859375 0.43305914999999995
1 0.29428525781250003 0.2740259578125 0.3124859140625 0.2551786265625 0.2823435828125 0.26856460000000004 0.2764687921875 0.256820796875 0.2396452859375 0.26375483437499997 0.222251015625 0.2773102984375 0.2932867796875 0.297344071875 0.30200291562500003 0.3239728984375 0.29428525781250003 0.2740259578125
1 0.5802443859374999 0.77681869375 0.6840118296875 0.855636334375 0.6920839828124999 0.8482082906249999 0.5802443859374999 0.77681869375
1 0.51101355625 0.26517579375 0.6130968734375 0.354879925 0.5402914296875 0.24462799531249999 0.51101355625 0.26517579375
1 0.5627238828125 0.0976363890625 0.5254355875 0.048312629687500004 0.5037045015625 0.08058665000000001 0.5627238828125 0.0976363890625
1 0.305065865625 0.9539491921875 0.35666525937500004 0.8972598484375001 0.4078504703125 0.9289353312499999 0.420120021875 0.9097161171874999 0.36804128281250004 0.859424265625 0.305065865625 0.9539491921875