5 0.49845201250000004 0.9956331875 0.8637770890625 0.9956331875 0.8637770890625 0.8777292578125 0.8513931890625 0.8646288203125 0.8637770890625 0.847161571875 0.8637770890625 0 0.123839009375 0.0043668125 0.120743034375 0.9956331875 0.4767801859375 0.9956331875 0.4860681109375 0.9781659390625 0.49845201250000004 0.9956331875
1 0.6461504953125 0.9332229046875 0.6574626875 0.6395009468749999 0.6552001109375001 0.1318733796875 0.6461504953125 0.9332229046875
1 0.7213622296875 0 0.7213622296875 0.15720524062500002 0.7221187125 0.1579165765625 0.7213622296875 0
1 0.7222168359375 0.1784003234375 0.7306501546875 0.1659388640625 0.7221187125 0.1579165765625 0.7222168359375 0.1784003234375
1 0.7213622296875 0.2919525890625 0.7227771859375001 0.2953739078125 0.7222168359375 0.1784003234375 0.7213622296875 0.17966313125 0.7213622296875 0.2919525890625
1 0.7306501546875 0.3144104796875 0.7227771859375001 0.2953739078125 0.72292060625 0.32531285625 0.7306501546875 0.3144104796875
1 0.7244582046875 0.646288209375 0.72292060625 0.32531285625 0.7213622296875 0.32751091718750003 0.7244582046875 0.646288209375
1 0.7337461296875001 0.3187772921875 0.7244582046875 0.31004366875 0.708978328125 0.3187772921875 0.789473684375 0.3231441046875 0.789473684375 0.30131004375 0.7337461296875001 0.3187772921875
1 0.718266253125 0.9956331875 0.7275541796875 0.9956331875 0.7213622296875 0.9781659390625 0.718266253125 0.9956331875
1 0.2631578953125 0 0.26006191875 0.0262008734375 0.26006191875 0.10917030624999999 0.2631578953125 0.1179039296875 0.2631578953125 0
1 0.2631578953125 0.3711790390625 0.25386996875 0.3755458515625 0.25077399375 0.6331877734375 0.25386996875 0.6768558953125 0.2631578953125 0.678443825 0.25386996875 0.699937615625 0.2631578953125 0.70107185625 0.25386996875 0.723019340625 0.2631578953125 0.7236998828125001 0.25386996875 0.7461010609375001 0.2631578953125 0.7463279078125 0.25386996875 0.76918278125 0.26219161562500004 0.789253428125 0.26625387031250003 0.6288209609375001 0.25386996875 0.6200873359375 0.25386996875 0.598253275 0.26625387031250003 0.598253275 0.25386996875 0.58951965 0.26625387031250003 0.5633187765625001 0.25386996875 0.544395925 0.26625387031250003 0.5283842796875 0.2631578953125 0.5152838421875 0.25386996875 0.5218340609375 0.26625387031250003 0.47161572031250004 0.25696594375 0.449781659375 0.26625387031250003 0.3930131 0.26006191875 0.148471615625 0.25077399375 0.1746724890625 0.26006191875 0.2008733625 0.25077399375 0.3231441046875 0.2631578953125 0.3362445421875 0.25386996875 0.349344978125 0.2631578953125 0.3711790390625
1 0.7275984234374999 0.6267305109375 0.8045211984374999 0.649078803125 0.811308584375 0.6395009468749999 0.7275984234374999 0.6267305109375
1 0.8544891640625 0.5327510921874999 0.8513931890625 0.51091703125 0.8297213625 0.4803493453125 0.8173374609374999 0.4847161578125 0.8049535609375 0.45414847187499996 0.8049535609375 0.4803493453125 0.7647058828125 0.51091703125 0.789473684375 0.49781659375 0.8544891640625 0.5327510921874999
1 0.24998259687500002 0.6433842703125 0.11994054218750001 0.6170473359375 0.1205872109375 0.6279980125 0.24998259687500002 0.6433842703125
1 0.6552001109375001 0.32343094375 0.6484130718750001 0.28831197343750004 0.5194537921875 0.3170456640625 0.6552001109375001 0.32343094375
1 0.7343854640624999 0.1669921703125 0.7886841984374999 0.195725921875 0.7954715828125 0.157414253125 0.7343854640624999 0.1669921703125
1 0.26832330625 0.8725626984374999 0.3271465046875 0.8853334984375 0.324884275 0.96195635 0.3452460828125 0.8502144062499999 0.2728481171875 0.8502144062499999 0.26832330625 0.8725626984374999