5 0.3698163484375 0 0.264633303125 0.06320035 0.26566829531249997 0.0829563390625 0.246056921875 0.074362165625 0 0.22220808124999997 0 0.3653596640625 0.0109995234375 0.3684329703125 0.009380746875 0.3897835046875 0.376035809375 1 0.6361078703125 1 1 0.778418271875 1 0.600864384375 0.6415136546875 0 0.3698163484375 0
1 0.293179834375 0.46152362968749994 0.556566765625 0.8954800671875001 0.151598284375 0.20392856250000002 0.293179834375 0.46152362968749994
1 0.5421817390625 1 0.48680788750000004 0.9078424359374999 0.485793090625 0.90762231875 0.54190323125 1 0.5421817390625 1
1 0.47434843437499996 0.90513989375 0.485793090625 0.90762231875 0.4751590734375 0.8901148578125 0.47434843437499996 0.90513989375
1 0.41740787343749997 0.7923414140625 0.414432909375 0.790137528125 0.4751590734375 0.8901148578125 0.47524121875 0.888592265625 0.41740787343749997 0.7923414140625
1 0.414432909375 0.790137528125 0.3988902765625 0.7645487078125 0.3978798984375 0.7778748796875 0.414432909375 0.790137528125
1 0.3988902765625 0.7645487078125 0.3990939796875 0.761861978125 0.23225776874999998 0.4902110515625 0.3988902765625 0.7645487078125
1 0.354205515625 0.819400503125 0.39297705625 0.7757263359375 0.40543650937500003 0.778428878125 0.41420720468749994 0.7629699750000001 0.34296014375 0.800685059375 0.354205515625 0.819400503125
1 0.0496780359375 0.1923585046875 0.0639818703125 0.20414176875 0.0576393421875 0.18757486875 0.0496780359375 0.1923585046875
1 0.9605323453124999 0.8066009484375 0.9496916671875001 0.7825478703125001 0.9069592500000001 0.7114291859375 0.8998073328125 0.70553755625 0.9605323453124999 0.8066009484375
1 0.61110794375 0.22506108593750002 0.6079991296875 0.2018536765625 0.5994536453125 0.205665078125 0.5961111625 0.1820687765625 0.5877993499999999 0.18626907343750002 0.5842231984375 0.1622838796875 0.57614505625 0.1668730703125 0.5723352328125 0.142498984375 0.5548650421875 0.129581046875 0.6340118390625 0.269190728125 0.6491250640625 0.270298725 0.6603704375 0.28901416874999997 0.6497553609375 0.2953923484375 0.6648685859375 0.2965003453125 0.6677479578125001 0.3253370578125 0.6881090234375 0.3351789265625 0.6857405546875001 0.35528176718750004 0.695141546875 0.36491648906249996 0.6997292421875 0.35451821875 0.7149785234375 0.4039419203125 0.734185203125 0.4178737265625 0.755461865625 0.471317515625 0.8867175796875 0.6777413890624999 0.8811844375 0.650499221875 0.859728684375 0.632824325 0.8047159031250001 0.5232342078125 0.7873536031249999 0.518383121875 0.7885676875 0.5023702203125 0.7693610078125 0.48843841406250005 0.7750732390625 0.47991168906250004 0.6450316093749999 0.2574749125 0.6198870953125 0.22163857187499997 0.61110794375 0.22506108593750002
1 0.1621931265625 0.5290545359375 0.1613081625 0.5407601234375 0.23963903593749997 0.508592603125 0.1621931265625 0.5290545359375
1 0.2622190625 0.696365125 0.2487246140625 0.6739065937500001 0.2674800859375 0.6269758859375 0.2529971609375 0.6509615140625 0.1792754203125 0.6545022515625 0.1931745625 0.6716231500000001 0.22749446562500003 0.6866629546875 0.235860465625 0.676541684375 0.2622190625 0.696365125
1 0.7654907046874999 0.203925759375 0.7592963859374999 0.19487225625 0.640458384375 0.24832720937500002 0.7654907046874999 0.203925759375
1 0.48181256093749997 0.7578904375 0.5775532937500001 0.6668419171875 0.45790732656250005 0.7312831875 0.48181256093749997 0.7578904375
1 0.4092620796875 0.90949714375 0.423176125 0.9458324156250001 0.47060415625 0.9061608609375 0.4092620796875 0.90949714375
1 0.5143334125 0.08281579375 0.5067017109374999 0.06132911875 0.44970294062500005 0.08067859375 0.41217836406249997 0.01383485625 0.45227624375 0.120103503125 0.5143334125 0.08281579375