2 0.22838972656249998 0.3411786859375 0.23020345781249998 0.3754697125 0.2719198046875 0.3700553578125 0.2701060734375 0.33576433125 0.22838972656249998 0.3411786859375
2 0.3716764828125 0.3574218171875 0.4115792375 0.3574218171875 0.370067984375 0.3229589546875 0.3716764828125 0.3574218171875
2 0.48258427968750006 0.35883286718749996 0.4820785953125 0.32864137968749996 0.46690783125 0.332666928125 0.46670484375 0.3415630953125 0.45375984531249997 0.3407179765625 0.45274843750000004 0.3568201125 0.48258427968750006 0.35883286718749996
2 0.52354533125 0.37090947343749997 0.5225339625000001 0.3532977671875 0.5200055 0.3361892546875 0.5119144359375001 0.3281381875 0.5058461078125001 0.33367329687499997 0.504329053125 0.3361892546875 0.4916867515625 0.33015097031249996 0.4888325453125 0.3296159328125 0.49118102812500003 0.361348825 0.5063517921875 0.361852028125 0.5149485796875 0.37644457343750004 0.52354533125 0.37090947343749997
2 0.5640006984375 0.333170103125 0.5483242500000001 0.3311573390625 0.540233184375 0.34625308593750004 0.544784421875 0.361348825 0.5624836453125 0.356316909375 0.5640006984375 0.333170103125
2 0.5672278359375 0.335275115625 0.5685519343750001 0.36889669999999997 0.6004105515625 0.3633616 0.5953536296874999 0.3281381875 0.5672278359375 0.335275115625
2 0.6610935625 0.3281381875 0.6615992875 0.34574989375 0.6484512609374999 0.34574989375 0.641829803125 0.3365327125 0.642382971875 0.361852028125 0.6732302203125 0.36084564218750004 0.6762643265625 0.332666928125 0.6610935625 0.3281381875
2 0.411787384375 0.20829739531250002 0.3394734015625 0.20477505 0.33846203125 0.22238675625 0.342507584375 0.2515718859375 0.40824755625 0.2520750703125 0.411787384375 0.20829739531250002
2 0.34152526875 0.1541812796875 0.3541384796875 0.19169207500000002 0.414315846875 0.19118890156249999 0.412798753125 0.15596548906250002 0.34152526875 0.1541812796875
2 0.4420482609375 0.1579540671875 0.440106134375 0.18313781406250002 0.522028278125 0.182634621875 0.5225339625000001 0.1615005796875 0.4420482609375 0.1579540671875
2 0.569756715625 0.237182621875 0.5665291578125 0.255597415625 0.6064788796875 0.25408784375 0.6024332890624999 0.2329537921875 0.569756715625 0.237182621875
2 0.653841984375 0.172416421875 0.6656448390625 0.18967931093749998 0.6782871421875 0.18162824375 0.6803098796875 0.16301015000000002 0.653841984375 0.172416421875
2 0.804204440625 0.14237930000000001 0.7733315765625 0.1372037328125 0.7733572703125 0.1730739828125 0.8016759812500001 0.169048453125 0.804204440625 0.14237930000000001
2 0.8102727312500001 0.3260442421875 0.7849881265625 0.30440700625 0.7829653890625 0.31698679687500003 0.7672889031250001 0.323528284375 0.7905507703125 0.341643175 0.8102727312500001 0.3260442421875
2 0.2270934375 0.26044814843749997 0.2337837640625 0.29031764375 0.273733446875 0.2913240125 0.27727327812499997 0.26012612812499997 0.2270934375 0.26044814843749997
2 0.23681791093750001 0.1796154796875 0.231518978125 0.1780756046875 0.2459203828125 0.2148388828125 0.27980173750000004 0.21181974062500003 0.272722059375 0.1781058984375 0.23681791093750001 0.1796154796875
2 0.2383350015625 0.14187610625 0.244403290625 0.1675388828125 0.2757562046875 0.1660293203125 0.26715943593749997 0.1393601484375 0.2383350015625 0.14187610625
2 0.2388406859375 0.336108075 0.27221635625 0.3340953 0.2353008375 0.2983687015625 0.2388406859375 0.336108075
2 0.357330771875 0.044141621874999995 0.35818403125 0.0879534203125 0.517477040625 0.0874502375 0.5296136578125 0.056252342187500005 0.357330771875 0.044141621874999995
2 0.5700690265625 0.0632970234375 0.575125946875 0.065309796875 0.569563303125 0.0889598078125 0.60799589375 0.089462990625 0.6115358 0.0723544875 0.5700690265625 0.0632970234375
2 0.24490899531250002 0.020022551562499998 0.2504716 0.0512204265625 0.2904212828125 0.044678957812499996 0.278284665625 0.0159970234375 0.24490899531250002 0.020022551562499998
2 0.424935371875 0.02404808125 0.460839503125 0.021028939062499998 0.4583110421875 0.006939587499999999 0.41785567500000004 0.003920415625 0.424935371875 0.02404808125
2 0.544784421875 0.025054468749999996 0.5736088546875 0.021028939062499998 0.575125946875 0.0059331890625 0.5427616453125 0.0059331890625 0.544784421875 0.025054468749999996
2 0.592319446875 0.020022551562499998 0.6246837484375 0.020022551562499998 0.6186154578124999 0.0049268031249999995 0.5816999203125001 0.0079459546875 0.592319446875 0.020022551562499998
2 0.7516124953125 0.0079459546875 0.748072665625 0.0326023421875 0.780436928125 0.03562149375 0.790045046875 0.007442760937499999 0.7516124953125 0.0079459546875
2 0.7465555734375 0.0627938390625 0.7268335359375 0.077386403125 0.749084034375 0.102545984375 0.7688059953125 0.0929853375 0.7465555734375 0.0627938390625
2 0.7920678624999999 0.0985204375 0.77588573125 0.084934278125 0.765266165625 0.1060683109375 0.7718401781249999 0.126195975 0.7880223109375 0.1241832203125 0.7920678624999999 0.0985204375
2 0.096531284375 0.2350185140625 0.035323706249999996 0.22966423281249998 0.040167225 0.3141132078125 0.086775953125 0.3097989609375 0.096531284375 0.2350185140625
2 0.1359138265625 0.254792190625 0.131939446875 0.3141132078125 0.1590375421875 0.31375369218750004 0.1590375421875 0.2601850125 0.1359138265625 0.254792190625