2 0.7687970921875 0.663537378125 0.7675820984375 0.6292199203125 0.7257776109375 0.6339054 0.7269926046874999 0.6682228578125 0.7687970921875 0.663537378125
2 0.5859189625 0.6440996218749999 0.626822434375 0.6792817078125 0.6258156406250001 0.644796021875 0.5859189625 0.6440996218749999
2 0.5434532578125 0.6600647656249999 0.5447455328124999 0.643982734375 0.5149493609375 0.641449578125 0.5149280546874999 0.6716452937499999 0.5301667640625001 0.6678851234375001 0.5305249796875 0.6589938546874999 0.5434532578125 0.6600647656249999
2 0.49125198125 0.6661993421875 0.49281271406249993 0.66371024375 0.5053477078124999 0.669968246875 0.5081921421875 0.670553015625 0.5063978328125 0.6387839703125 0.4912381609375 0.6380160765625 0.4828973578125 0.6232757203125 0.4742053140625 0.6286599421875 0.47490916250000004 0.6462866171874999 0.4771386546875 0.6634366515625 0.48508797656249997 0.6716277015625 0.49125198125 0.6661993421875
2 0.43501825624999996 0.6425707171874999 0.43309746562500007 0.665687521875 0.44873640000000004 0.6679735703125 0.45708968906249997 0.65302133125 0.452802603125 0.6378484624999999 0.43501825624999996 0.6425707171874999
2 0.42990755781249995 0.6635265078125 0.4291704390625 0.6298869359375 0.39722007187499997 0.6348651828125 0.401661490625 0.6701714875 0.42990755781249995 0.6635265078125
2 0.3552276984375 0.63564200625 0.324367584375 0.6361098796875 0.3208421546875 0.66423135 0.3359315703125 0.6690241671875 0.3357332890625 0.6514063171875 0.3488793140625 0.65163578125 0.3553389 0.66096711875 0.3552276984375 0.63564200625
2 0.5874115828125 0.7494884703125 0.58310826875 0.7931977 0.6553497640625 0.7979815609375 0.656668346875 0.7803901875 0.6531327609375001 0.7511388984375 0.5874115828125 0.7494884703125
2 0.6524152265625001 0.8485318156250001 0.6404585890625001 0.8108066031250001 0.58028160625 0.810259459375 0.5811837359375 0.8455039843750001 0.6524152265625001 0.8485318156250001
2 0.5519733875 0.8430052343750001 0.5543547359375001 0.81785921875 0.4724362875 0.8169325953125 0.471561840625 0.8380545937500001 0.5519733875 0.8430052343750001
2 0.42566711250000006 0.7615599265624999 0.4292155609375 0.7432042671875 0.389245578125 0.7440163906249999 0.3929217125 0.765217828125 0.42566711250000006 0.7615599265624999
2 0.340464325 0.8248487734375001 0.328964546875 0.8073825250000001 0.3161836578125 0.8152117265625 0.3138362984375 0.8337916828124999 0.340464325 0.8248487734375001
2 0.18960055 0.8522571328125 0.2203783859375 0.8579707171875001 0.2209787171875 0.8221054828125001 0.1925940640625 0.82563616875 0.18960055 0.8522571328125
2 0.20672977499999998 0.6532618968749999 0.186738578125 0.6685142578125001 0.211641709375 0.690589475 0.2138836875 0.678046903125 0.22967195 0.6717800031250001 0.20672977499999998 0.6532618968749999
2 0.7686842406250001 0.7442782421875 0.762516228125 0.7142965343750001 0.72259019375 0.7125931015625 0.7185064234375 0.7437244546875 0.7686842406250001 0.7442782421875
2 0.7216254984375 0.825811621875 0.757550525 0.824928884375 0.762821775 0.8265610046875 0.749064171875 0.7895519859375 0.7151352859375 0.7919793578125 0.7216254984375 0.825811621875
2 0.755375021875 0.8626360343749999 0.749755534375 0.8368712593750001 0.71838105 0.8378334078125 0.72651106875 0.8646485531250001 0.755375021875 0.8626360343749999
2 0.724853515625 0.6698548046874999 0.7611398968749999 0.7062202265625 0.7582592296875 0.668424821875 0.724853515625 0.6698548046874999
2 0.6346916734375 0.9582788703125 0.634603165625 0.914458853125 0.47532563437500003 0.9121819125 0.4626463875 0.9431632437499999 0.6346916734375 0.9582788703125
2 0.38101774375 0.9256338124999999 0.42232012812499997 0.9354135921875001 0.41729910468750003 0.9333128687500001 0.42327365156249996 0.9097635421874999 0.3848556953125 0.90858969375 0.38101774375 0.9256338124999999
2 0.7466753921875 0.9843562968749999 0.7416581125 0.9530660937500001 0.70160035 0.9589093468750001 0.7132345499999999 0.9877987265625 0.7466753921875 0.9843562968749999
2 0.5667466890624999 0.9771894874999999 0.530795334375 0.97958155625 0.5330775171875 0.9937128890625001 0.57347403125 0.9974376453125 0.5667466890624999 0.9771894874999999
2 0.44693345625 0.9740915984375 0.418043159375 0.9776134593749999 0.41626284062499996 0.992680434375 0.4486222125 0.99324526875 0.44693345625 0.9740915984375
2 0.3993178515625 0.9782931484375 0.3669584796875 0.9777283140625 0.3727623890625 0.9929276703125 0.4097249953125 0.9905532421875 0.3993178515625 0.9782931484375
2 0.2398383 0.987587859375 0.243807903125 0.96299700625 0.2115012609375 0.9594134796875 0.20140281875000002 0.9874202359375 0.2398383 0.987587859375
2 0.24585167812500003 0.9328365843749999 0.2658253875 0.9185904390624999 0.24401737343750002 0.893046365625 0.224131559375 0.9022613609375 0.24585167812500003 0.9328365843749999
2 0.2054626484375 0.8707328578125001 0.2009698359375 0.8963211281250001 0.21691239218749997 0.9101876359375 0.2278991796875 0.8892421578124999 0.22167744531250003 0.869002828125 0.2054626484375 0.8707328578125001
2 0.8987827015625 0.771982628125 0.9598875109374999 0.7784043125 0.95651856875 0.6938836687500001 0.9098416453124999 0.697383825 0.8987827015625 0.771982628125
2 0.8597512546875 0.7515246421875 0.8647603234375 0.6922820234375 0.8376600812499999 0.6921685562500001 0.8367251796874999 0.745729078125 0.8597512546875 0.7515246421875