2 0.3165728421875 0.3122217703125 0.324281259375 0.27875918906249997 0.28268853437499997 0.2724652171875 0.27498011718750004 0.3059277984375 0.3165728421875 0.3122217703125
2 0.42390045625 0.2940031078125 0.4159473921875 0.3275743 0.45430438124999994 0.3385729890625 0.42390045625 0.2940031078125
2 0.5143130109375 0.3300276890625 0.511665771875 0.3385232828125 0.4994551859375 0.33414277812500004 0.49404460781250004 0.3493423625 0.5221698703125 0.35950101874999996 0.5300056765625001 0.3303397140625 0.5143130109375 0.3300276890625
2 0.56438288125 0.34804926875 0.5588244265625 0.3380798859375 0.5514654921875 0.3417279171875 0.5493137140625 0.343728253125 0.5388255296875 0.33443919218749996 0.5362293671875 0.33313815468749997 0.529740103125 0.3642890984375 0.5441844765625 0.3689544375 0.5484259875 0.3853512875 0.558215396875 0.38240019375 0.56209765 0.3651919640625 0.56438288125 0.34804926875
2 0.5810530125 0.3632987484375 0.5812669921875 0.3790641953125 0.5996675625 0.379105775 0.607505971875 0.35727379375 0.5929915953125 0.3510179859375 0.5810530125 0.3632987484375
2 0.6341834640624999 0.3963316390625 0.639031328125 0.3610788453125 0.610027875 0.36018678125000003 0.6020333156250001 0.39287089375 0.6341834640624999 0.3963316390625
2 0.6852176015625 0.39264399375000003 0.6813932484375 0.38195875 0.6749460390625 0.4064497125 0.7048757140624999 0.413984965625 0.715559390625 0.3877341609375 0.7022246062499999 0.3791992265625 0.6978562968750001 0.39626808125 0.6852176015625 0.39264399375000003
2 0.42124031874999995 0.1886151234375 0.41708464218749997 0.2177847765625 0.4801392625 0.2363888609375 0.49560872656250005 0.19528276718749998 0.4270669546875 0.17196443749999998 0.42124031874999995 0.1886151234375
2 0.5027549796875 0.17953396562499999 0.51100554375 0.14525688125 0.44298486875 0.1238961546875 0.4447700890625 0.16343051718749999 0.5027549796875 0.17953396562499999
2 0.6086526937500001 0.20100063437500001 0.6149641203125 0.180824675 0.53857385 0.15523068281250002 0.5297653765625 0.17890353125 0.6086526937500001 0.20100063437500001
2 0.6701366453125 0.2929636203125 0.6720731078125 0.27153315 0.6394967453125 0.266591278125 0.6313184125 0.283403078125 0.6701366453125 0.2929636203125
2 0.75913575 0.24310402187500002 0.766211971875 0.225764703125 0.738176678125 0.2275110515625 0.7447640125 0.2473585140625 0.75913575 0.24310402187500002
2 0.8528808968750001 0.2610860171875 0.8812121749999999 0.265022125 0.8909936999999999 0.24008302656249997 0.862743378125 0.22659823750000002 0.8528808968750001 0.2610860171875
2 0.822449065625 0.40207224999999996 0.8055767812499999 0.40403930624999995 0.8229443828124999 0.4278642953125 0.8462019968750001 0.4183057484375 0.82786090625 0.3905373203125 0.822449065625 0.40207224999999996
2 0.3400175265625 0.2370402515625 0.3520195328125 0.20802662968750002 0.3036948140625 0.1945047375 0.30189282031250003 0.22506124375 0.3400175265625 0.2370402515625
2 0.334364053125 0.15585170625 0.3677650890625 0.16228848906249999 0.3702524609375 0.1279292390625 0.33532308125 0.11948381718750001 0.3306538671875 0.1165430109375 0.334364053125 0.15585170625
2 0.3764978234375 0.11715681093750001 0.3755851 0.0891511671875 0.3471837828125 0.08362457031250001 0.3459433765625 0.1099658609375 0.3764978234375 0.11715681093750001
2 0.3011319515625 0.23321857812500002 0.2941322921875 0.27047170781249996 0.32676984062500003 0.2777364859375 0.3011319515625 0.23321857812500002
2 0.6305141359374999 0.108249040625 0.65077990625 0.08160500468750001 0.488509134375 0.0224758328125 0.4772531703125 0.064825628125 0.6305141359374999 0.108249040625
2 0.6801665703124999 0.124057053125 0.7169716515625 0.1351342 0.7250901703125 0.11966418281249999 0.6877263250000001 0.09952779687499999 0.692032553125 0.10285647499999999 0.6801665703124999 0.124057053125
2 0.5958318703125001 0.014548878125000001 0.557775871875 0.000495653125 0.5590333765625 0.021795035937500002 0.59437883125 0.0287893703125 0.5958318703125001 0.014548878125000001
2 0.7083989640625 0.0457800171875 0.6772884015625 0.03685920625 0.6739622796875 0.055797312499999994 0.7027796890625 0.059872815625 0.7083989640625 0.0457800171875
2 0.7504811625000001 0.05679995 0.7141634796874999 0.04952684375 0.7210428624999999 0.06406275156249999 0.7521534265625001 0.0729835625 0.7504811625000001 0.05679995
2 0.897573340625 0.13090962343749998 0.91457636875 0.1064708421875 0.8774939296875001 0.096361096875 0.86729500625 0.119086628125 0.897573340625 0.13090962343749998
2 0.848988115625 0.18659954375 0.8705813515624999 0.18284536875 0.8575147781249999 0.147690390625 0.834534484375 0.15628153281249998 0.848988115625 0.18659954375
2 0.8635724937499999 0.1944458203125 0.8643439031250001 0.2156058171875 0.8804539578125 0.2181314328125 0.8914164140624999 0.1945778875 0.8796060046875 0.177057634375 0.8635724937499999 0.1944458203125
2 0.10921771093749999 0.19456705624999998 0.15521006406249999 0.20326704375000001 0.185199775 0.134072396875 0.12783911406249998 0.11205443749999999 0.10921771093749999 0.19456705624999998
2 0.22358228906250002 0.22698656874999998 0.23834781875000002 0.1754930484375 0.2176063390625 0.163935375 0.19743483281250002 0.21986290937500003 0.22358228906250002 0.22698656874999998